2511
5430
8068
7255
6258
7217
940
7460
6399
7081
3952
8495
189
8691
3231
4075
9298
2868
4301
2384
4887
1179
2149
6646
8600
7258
9877
6184
9945
3817
4793
9574
9506
526
9442
3923
2756
5953
5084
8817
6921
6466
3542
123
633
3038
6787
2267
9991
4687
4227
8482
7720
7720
968
811
8029
3075
4226
4975
3813
1805
6312
9829
5021
5122
1821
9278
6042
4273
4474
8452
291
7175
9112
6837
8904
4668
5422
4391
8313
9508
3645
4611
6985
8058
9599
7427
9626
4445
2846
1094
5882
5753
611
64
7404
5636
1553
8350
9690
1571
4260
3202
4882
5885
8800
902
4
5748
5883
6736
7411
3561
1498
3842
8097
4720
6200
2323
4384
5555
7073
1320
757
3166
2837
1064
3838
9524
1105
276
7997
6055
5148
2717
8566
2705
4800
4277
2884
4538
2006
2585
961
3720
7108
973
4535
6332
6015
5258
4659
2565
4255
5199
7946
5355
4019
6558
9745
2114
4492
5704
6876
1750
4606
9955
7242
5252
7745
1429
4475
2731
2453
2016
3417
1283
8574
2847
2338
2403
9518
5939
8238
97
4109
6818
836
3379
8784
1360
8110
5076
330
5447
8841
3758
5203
3733
6779
1694
8391
515
9656
350
5547
4529
5315
1462
6559
3994
8723
4630
6728
8034
6582
6096
6821
6946
9717
664
8840
7432
7881
9380
4190
2485
593
4707
3465
4535
3982
6784
4870
9562
6847
6299
505
8955
4009
7449
2620
9554
6772
1414
4856
5460
1751
1906
9854
6036
7854
9678
7289
4026
9694
7715
3024
8496
6504
6507
1063
5022
7420
234
6941
4455
3969
7079
9764
2570
5309
716
579
6353
3921
3062
7256
4615
8743
1650
1028
9942
5626
2153
544
8857
5100
8021
4235
7094
6869
2602
758
9400
4441
5844
5877
3541
1834
6889
8875
9392
5332
1154
6261
5334
415
5054
1124
5741
8705
4745
294
1428
5690
6085
9915
1339
1741
224
5407
957
9650
2765
900
8282
4229
4327
2786
1041
4305
1575
1701
1674
8431
1148
8483
3302
5876
790
2599
8854
7770
3981
1901
4744
2906
4104
7523
4311
4313
5465
934
5348
8078
2960
2552
9549
818
2288
3127
3578
5155
6214
5742
3483
7674
1348
7189
8331
8011
9404
5121
5659
4266
3012
9527
9030
1417
1130
7546
4232
6408
6235
7169
8633
3115
6933
497
8021
648
9983
3172
6326
816
5610
7746
7059
9794
4910
8334
7202
724
5649
9284
3363
1592
9637
5388
7431
4568
5639
7770
3320
11
2131
9399
8811
3136
5479
6635
8638
4968
3759
1939
3711
1659
9587
6363
8139
3814
6539
8840
4454
4945
4140
97
690
3428
8298
1910
6031
6128
4433
635
3888
1067
3297
1694
2883
1766
8449
3922
9696
1678
846
1913
3016
2330
2670
1543
9588
2093
4078
8877
4479
5065
1678
260
9975
4415
4738
7407
8624
6227
1218
7820
5970
1996
5693
4699
88
4162
2562
471
5268
2409
8321
1278
8687
6922
861
5185
3171
9286
5304
8233
8389
7045
7823
52
3355
9359
7313
1234
3618
4145
3447
891
951
4707
6074
1870
1252
2771
7570
9334
4554
9476
4988
7608
2920
5229
8408
2515
1463
3065
5564
8214
1215
7598
7492
6811
4199
4301
5818
3778
1051
1312
1829
254
964
9810
1360
3587
9128
4731
4836
7439
107
5321
119
5714
9370
3891
5032
6262
9006
7747
7383
6228
246
911
254
9207
5594
8886
6556
9667
9336
3891
2925
1610
4186
9945
9729
257
2749
335
3152
3394
3515
4333
9249
4619
104
6931
4677
7603
6357
9898
8495
6203
38
6644
901
1383
4404
285
701
8803
1054
3514
9505
557
2080
346
2258
4247
7817
8701
4850
4539
9521
2960
2274
587
9539
9504
8846
1334
9233
7248
682
9246
6839
204
7803
7690
7863
2444
2829
6624
9102
6950
3620
9735
8423
6038
6360
2905
7583
4549
4457
7962
8765
2777
9415
4152
9746
4969
476
6446
7679
8694
7815
1587
2220
2322
8739
7745
5202
9114
3049
7230
8644
1394
498
8423
6967
490
8843
1334
656
8764
1172
909
4728
4696
696
8683
4573
7424
2299
646
4482
9188
5187
3446
4602
1600
8005
7107
5942
9586
4561
2887
5309
9789
1709
8308
3866
8543
9689
5847
4141
8548
5231
8510
6671
5523
5960
6843
5444
2071
1054
8309
9885
6213
4629
2302
7116
8558
2982
4659
9435
5436
6079
3504
8849
6397
6378
4457
275
9949
6489
9676
9608
1015
8074
7986
7883
6041
1058
5868
4137
9233
8578
2785
218
470
2761
3725
5258
470
528
6758
6578
4989
2942
7510
1203
8556
764
5420
6403
132
15
699
5956
7230
5993
4155
8970
6004
6728
944
3446
9940
5538
4988
4319
4283
7486
6640
9907
655
8495
44
8583
7977
6150
5944
6523
4933
2413
4793
8428
9576
4668
838
7097
5005
4125
565
4839
5874
2997
9816
9095
4510
7671
2468
6057
8893
6719
2793
6978
1284
5776
5143
628
2144
5601
6481
8395
8589
5852
7395
9504
4428
4063
9189
4437
9248
5194
571
6354
7914
1488
2476
1154
6090
2109
6627
55
33
3686
5367
8329
896
2532
4417
4515
9907
5363
6277
7833
8496
6054
8113
3365
3675
9045
9077
1628
4340
7804
9698
9252
9508
100
2531
8304
2664
6553
7786
4160
6006
2128
8889
6854
6797
5832
7254
4824
209
2821
4245
8647
5110
4714
526
9264
9793
7010
7216
2969
1557
2334
7313
2401
6934
2409
1025
9089
368
6491
8776
9395
1523
6999
3899
6091
7087
2363
5903
165
6175
8606
2850
3611
8224
7248
5591
3179
8328
9433
4453
5297
5808
8813
3491
8891
7071
9443
6618
6596
5125
7563
6187
2350
7453
4640
4640
3305
6859
3871
3333
4965
3737
9608
5720
6449
6821
3674
2974
1605
573
7925
953
314
7157
9394
8309
1085
5689
9739
7375
7244
2252
1785
7675
9327
6167
1651
5447
1082
8033
5387
7381
4197
918
5950
5473
3461
8132
733
4554
9943
3009
3885
2909
204
2316
5445
6137
7913
7389
4285
5993
7617
3132
1813
5183
8435
6802
162
1260
3202
5566
2663
6574
7674
4159
137
3849
9593
2807
489
3538
5803
5995
1414
9417
9020
6299
5034
6049
3762
1681
4213
8690
4120
7493
8335
6973
4525
2318
8320
7853
5090
2252
3596
4293
6122
5346
983
2591
9695
8819
7168
8767
1954
5045
9125
2763
3917
6592
3617
4067
2064
5744
3528
4263
5894
286
4676
7419
3910
3175
2198
4320
6357
6002
5381
9382
6136
7283
8702
293
9453
4527
6195
3695
1462
7283
4371
8168
6073
3342
2688
6230
3319
2531
4065
4507
8507
2389
5837
8042
4035
4186
603
7024
6212
4578
6641
5002
730
3936
5781
7324
2378
6300
7866
4527
4734
8993
8855
1161
8302
8525
9941
1167
3378
1007
8139
4001
5347
5701
6048
6792
7316
9173
3820
9898
1022
1390
7778
3643
8609
8262
8314
7268
7294
8301
2391
4903
8255
5925
3940
4278
4801
2069
8597
475
7556
5609
3949
130
5999
1276
7348
6650
8561
5515
8905
9808
8048
2929
4852
8247
3463
2517
5196
4203
3594
9128
8256
5787
6384
790
8186
5074
6219
1388
4165
5821
9549
4687
8999
7370
1762
5924
8421
6691
154
2146
4859
9922
1613
3819
7048
4437
5487
5360
6462
9868
595
7456
6939
9252
5410
3878
5955
6865
9830
2474
2738
9752
7011
9210
8369
632
3739
6011
6986
3255
6452
5791
566
2965
619
6046
1948
8338
3193
5073
5337
3909
2933
1583
1777
7878
2542
7302
6576
1293
8052
9336
6729
9788
3652
7098
6244
870
5904
7402
1767
6491
5896
31
1436
7287
6919
254
6345
9391
6333
1940
6765
7518
1967
5797
8995
3475
2563
6772
3113
6085
2386
8485
8081
85
2901
4905
6522
9787
6768
9115
3846
2711
1112
4819
7771
3719
833
3575
776
7082
9093
6338
8046
9312
3146
3116
9685
651
1084
3458
4697
6625
7513
689
5487
8737
5979
4758
7087
7551
1493
5492
9353
379
8649
8794
7718
2115
3333
264
6311
7173
8404
8918
4199
8869
6856
5898
3987
5383
1718
9518
7250
6150
4024
8207
8465
3586
5122
8122
7740
8795
1919
1786
5195
4766
619
3520
4610
8913
5564
9133
5938
8834
3185
1972
7719
8902
7872
7947
1851
1776
9374
2751
2088
1958
7018
3222
4856
8035
7221
2364
2185
1752
6634
1305
2391
3392
5212
446
3138
2381
840
7126
8230
6534
5395
6344
8446
8896
7120
8819
2991
7828
2159
2076
9601
6104
7193
1621
8848
3368
5470
1954
6724
8419
338
8068
9091
5668
8893
1810
8285
6693
240
8956
4690
1368
3153
5241
8817
3626
312
7552
5493
557
2023
2708
5681
9016
4167
9903
6110
1975
4773
2209
4618
3285
5103
7722
9345
8549
7015
2342
9755
9463
4370
4812
9597
8366
4098
1950
9918
5041
1093
2020
821
2943
3132
8268
5693
4024
9519
6724
1407
6128
3979
2788
2597
8965
524
867
6574
2037
7890
921
3664
9997
6927
4417
5142
8876
3583
5378
8467
4867
955
8059
709
5904
6009
1616
4457
7478
6346
7731
2727
4263
6855
6526
8350
3892
9594
5186
9446
1117
4027
3070
806
5378
6536
7160
345
924
6601
8841
981
8303
8526
3364
9064
170
3830
8313
1906
6508
5377
3325
2088
9647
3263
9429
2852
4507
1094
1875
3171
3390
9572
7123
4933
7810
8966
6965
3682
8746
835
9498
233
7565
5372
5105
3197
3856
4466
8262
8630
9342
2620
1789
2632
5817
3576
8538
9756
5338
1384
595
9953
3973
9960
4489
3046
9436
6707
4658
9781
9115
1434
122
1789
6769
6436
7530
1134
5868
2553
458
6690
6702
6350
8183
9257
6978
7611
6994
106
5553
8184
7838
3694
6731
6066
3988
6181
1795
2588
6028
2806
7249
149
2925
5451
1527
9151
6004
7745
3470
393
6992
2723
3497
8035
6492
5680
3198
8529
9946
421
4069
1902
8226
8997
4164
6450
5722
5699
7146
4911
2951
8014
3132
3264
8599
5433
9086
5429
6151
3124
9894
7152
7729
7952
5545
9673
1423
912
6796
5481
2693
8488
7846
8623
4273
2920
3833
2786
4758
257
4638
2521
89
9314
660
7628
2088
4270
7416
6669
8386
6727
7514
3355
3480
577
6240
936
1169
2526
3445
2877
7184
2064
1263
2728
1813
2524
7575
1936
4433
2460
3538
827
463
4382
6444
2200
7082
2560
4441
3281
4758
1733
3923
4959
9579
8336
4316
7111
513
1037
6943
2267
8585
5337
9351
2796
5303
7934
712
5519
5338
4777
8386
2302
8846
9843
8562
1562
6387
6223
6046
1073
2867
431
1252
9615
3842
4427
8445
2904
7116
3636
4293
5591
9270
5064
1311
3592
8372
5991
1758
20
4688
2192
5976
5884
8327
2523
9434
1838
6980
6247
510
2877
6584
5254
4762
450
2390
3780
2548
8688
6007
8248
3903
7858
3081
2964
7587
2733
2269
8463
5924
6820
7669
9895
6887
3960
2631
9801
3525
8090
3763
8342
5562
2695
6462
7727
3272
9030
3657
6188
1437
6602
5450
5802
5725
1883
9443
8273
9986
7663
118
2585
7118
3639
8819
7901
2904
2558
1357
7897
7974
7491
3317
1500
2908
4701
1196
3045
262
747
4006
4112
3948
4775
9787
8815
6441
3628
3167
5742
6158
180
8653
2546
9840
8622
6489
3361
1430
9886
4624
4095
5855
546
4762
5748
5841
9505
497
9386
6381
8093
7793
9480
1482
860
1196
1584
2319
351
4387
6675
3109
3005
2545
1426
9139
7880
5387
5270
8209
9708
7700
9463
5361
3948
1350
1817
5200
5420
111
5327
7020
4342
8262
9219
9015
5905
2007
8353
9111
5113
8641
1249
9868
1495
3129
4297
7792
9312
4241
8491
6763
7084
3476
960
8232
8039
5432
7057
9251
3004
9955
5806
9870
4022
7639
3573
6259
3194
7970
8919
2786
2752
7499
9358
6153
4008
8861
1191
4417
1591
2849
9258
2960
8699
7860
2033
4330
8452
2773
6548
3870
7051
9278
655
582
5346
8492
3186
1940
2530
9118
9383
3860
2419
9305
425
2505
6760
4325
7092
1801
3192
4471
6305
8215
8703
8915
6537
7035
8176
8683
9427
6894
4155
1248
37
9870
2535
7238
7386
3150
5154
1916
7466
8290
1376
4440
6800
7170
5378
4882
4307
1799
4916
3127
5016
4942
4085
3784
31
1067
8004
8886
512
9565
4419
8642
2333
8043
1920
3180
1674
9664
7102
2397
8478
9219
6993
7444
7569
7177
278
508
2279
8914
8518
8660
6245
6136
2757
7334
6921
5648
366
2852
8429
7583
2867
8701
9928
5372
7906
6060
2012
8677
9497
1637
2622
4645
5185
1447
66
1355
9457
5933
4107
8703
8409
7934
4784
2798
6764
9609
9045
9957
1724
7000
9474
6369
55
5494
49
6274
5176
9664
2429
7821
8475
4578
2135
4082
2364
4939
8787
5527
4372
6123
1877
4947
1058
6857
2078
5668
8250
6242
5089
3396
6320
7377
9342
7041
7010
2849
9166
6706
7714
2592
1419
7825
4898
3808
3126
8597
883
8525
1573
562
2980
4547
4201
5437
7765
9759
2560
9971
8647
2748
1298
6117
1152
4466
9932
5693
4827
89
9608
8180
1835
2530
6632
395
2126
3781
6911
3037
8960
8871
1248
339
3694
232
3668
4830
9647
2560
1349
5470
1098
3677
2088
8560
8443
671
8295
5326
4902
2614
5424
644
5360
9807
5354
9058
4490
2946
9114
2181
8723
8431
6923
8999
6502
1841
9471
1086
4784
5566
656
8110
806
876
7859
165
7049
3346
5571
9628
819
1802
7849
1858
2293
2523
6945
6489
1570
154
164
306
8410
4987
1199
3009
8655
8899
4663
5641
1706
5099
5885
5714
7615
7917
6346
4838
5778
9538
6299
2952
9563
1082
6211
335
1103
6339
1189
4793
1727
9699
9063
6559
9565
7365
671
2911
3616
2667
1732
5930
1844
8848
9694
1794
6713
9862
1052
4185
1590
5869
4035
2981
7724
594
2378
3037
44
8993
4486
831
3229
6918
407
47
8624
3071
4138
434
6827
6894
7813
9119
6178
1992
6758
2506
1496
6804
805
8547
8393
8707
6688
9997
6353
1338
1716
7136
9030
6386
5375
3483
3315
6494
5560
4212
4647
4437
3822
4287
6881
6438
3556
7979
1837
7583
7302
3263
9528
6173
7002
4987
4744
6539
7197
7665
2068
1102
9064
2000
6321
8115
3672
346
8140
1273
7686
6546
8731
7061
5339
5860
6575
4482
138
5858
3307
7639
4421
548
5030
8414
597
8287
8048
1134
7988
7712
3296
6521
1971
9047
9090
9289
4112
6036
206
171
434
8703
1911
2183
3898
3767
9579
9363
3539
9246
2747
9733
1110
8470
7247
9549
1579
9017
246
1888
9005
9533
7767
9555
4299
9654
126
190
3935
4187
2988
2333
7711
7779
5724
1473
894
3732
9072
876
4495
6297
2859
2130
6273
3890
9334
1990
5379
2360
6628
3934
5819
3525
107
7130
3215
9878
2883
3490
9481
9697
4594
3938
2360
1827
2940
9027
7238
98
5115
797
7463
8538
7338
3229
294
8291
2307
8283
7590
6363
8089
8587
4209
3121
9486
6533
4093
4811
3129
5562
51
6592
3277
4849
4955
2609
5731
4764
122
2770
4356
8849
2367
7857
3417
3420
2161
7
2765
9567
6382
2172
6156
9743
7431
3183
3971
1482
7480
3746
1636
8154
4652
7261
3010
287
7390
860
7145
2102
808
8145
2324
7509
862
8334
7965
7709
9313
486
4840
6430
400
8696
3122
7708
8854
3793
6294
8641
3352
2672
5835
1579
2624
3661
9770
5644
4206
516
8070
6073
2782
721
6217
5604
9185
1563
4981
8772
3891
2858
1616
90
3956
7235
9724
2594
4792
7524
2675
1641
5981
4377
6556
1754
8654
1537
4475
4620
1786
8926
2822
8456
6975
8983
1816
5004
7883
1104
1332
8943
501
7107
9799
3864
3288
5017
920
5594
1094
6096
6781
6860
940
7575
1175
3757
3720
7993
4295
5127
1051
161
8268
8180
7941
9413
2087
5351
6013
7910
9602
9535
2756
8776
1846
1192
4525
7559
7588
8285
3814
9416
2719
8434
9804
4829
6509
823
5254
2426
8615
3472
4751
1111
5284
1126
6570
6714
9621
6121
1151
44
9668
9340
3718
1709
9456
939
1702
2299
3858
9546
3206
103
8659
1597
460
9114
7570
7969
3957
5998
8901
8435
9071
8993
9333
6572
4978
5830
2536
6395
651
3073
121
3130
4624
3665
4554
2652
7613
8779
70
1375
3744
788
324
3733
4786
4158
530
3982
789
7643
6268
278
7816
6570
4252
9447
7974
7123
89
3084
9027
1950
4636
5124
8209
1958
5111
8853
4925
99
1275
9377
6519
2084
9943
2736
9884
3122
8940
4985
4198
5351
622
1345
3580
4531
3101
7832
8885
4777
4170
3224
61
4432
5058
7311
4952
1669
50
9926
4917
6620
2399
9932
3881
2526
9794
8060
357
9618
9187
7318
4726
7686
6819
5371
5392
7115
5473
641
4998
1655
7835
2292
4766
657
4173
9867
2116
1138
9830
2337
2894
8151
3521
5003
8456
7810
9300
4115
9511
781
5564
6391
6529
1120
1614
6555
1235
3990
5032
2602
8826
1072
6109
1436
9385
4562
3502
5221
5009
5500
4274
6602
4436
494
4418
6653
1151
5061
8407
4299
2590
2294
2389
3988
8595
6804
3124
8752
2716
9703
4226
2450
8478
4434
8757
2417
5579
2787
7021
3713
7207
7931
9616
9843
9277
4676
7908
9715
7268
9593
7811
1109
612
8613
5381
7705
7990
4469
3443
9875
2115
6576
280
7331
8190
7640
877
3034
8000
536
7636
9545
3704
2318
7707
9231
8604
6314
49
3645
798
2325
9857
847
228
8389
7108
3242
3947
1519
2434
9719
5709
5601
6670
9549
8009
7319
2378
3822
1241
3973
6296
4473
8958
217
740
6537
6647
635
7776
848
6282
3673
4370
1897
5886
759
1416
7602
6990
7802
924
5041
3982
1679
1525
4511
7654
5046
9484
5722
5489
1203
1677
1236
8459
8044
1767
8496
5
9888
2821
5954
4662
6509
9839
5230
4180
4662
8788
134
2062
5956
4453
107
1600
6570
1737
1657
6183
9108
4090
7604
9625
1663
9364
1831
7037
5824
2956
9550
3323
3900
2434
7612
461
7279
7843
139
3060
4153
7505
3880
86
9952
4689
9524
6078
7476
3814
4236
778
2983
13
3835
3437
4074
2492
6329
7982
1433
2249
226
5623
1330
4644
4440
4375
6960
277
4930
9694
6935
7936
7664
3039
5374
5512
2546
7669
8210
1872
3116
3975
4399
3410
7789
9537
2176
6622
3604
4629
1834
4737
1016
8209
6799
1815
9676
2287
2112
6834
4049
3480
1298
6579
3650
1497
3067
6800
6443
1607
9643
7161
2531
8944
8107
6682
2563
7544
9776
8615
8464
8877
6690
2931
7057
6205
1145
7614
4508
6668
8111
4239
4720
2309
4731
6972
9280
2878
7036
7020
1877
2010
493
5252
2694
1300
4656
8303
5460
8410
109
9012
6189
8839
3202
6393
5309
1067
1748
5689
6050
2552
2538
5668
8120
9824
8723
4357
5408
1703
8313
4928
8709
6264
3879
7500
6894
5883
6115
8873
5987
1687
1577
8355
6448
7817
9613
676
4122
1058
9002
3705
5725
2496
376
3017
4074
5020
1736
3849
493
6220
5610
7150
4779
9670
1068
518
6768
6188
1033
1620
6173
7095
3726
9360
8320
5121
2808
2770
6568
8536
8402
7345
1720
9370
6887
8819
5711
2210
181
2742
8540
7889
6651
1320
4208
9090
6159
4023
1035
1867
4725
9329
9912
1081
5166
3390
155
4845
4344
4248
7652
5773
9989
963
1468
7254
5889
2463
658
9748
34
8993
2909
8079
4114
2024
6577
9063
8148
285
1770
114
4762
6254
7185
7597
9088
229
9841
6947
928
8552
1216
6450
7560
1436
8113
7980
7169
7331
4783
5586
7013
7474
8501
205
1413
7544
88
250
5558
6704
6213
6533
9221
3596
9036
8918
3958
6180
910
6834
2690
3130
2859
5855
3652
8865
8370
103
6691
4312
6890
5355
8214
8106
6726
1049
3172
7104
1267
3078
2419
260
6400
9419
4173
3013
7659
7009
4296
9999
8043
4151
4268
7396
2074
4028
2553
8612
1960
3944
7155
2962
7040
8604
612
5457
1443
8656
1281
6923
2755
7683
9217
2475
1271
9662
9259
4092
9732
4953
1292
8694
9281
1789
4698
1642
7391
7515
8314
6936
9515
4859
7957
1485
5842
6268
7802
5944
7387
6673
3402
7284
7216
2576
7565
6797
7578
6446
7297
4077
4745
8273
241
5997
1704
9425
4369
7507
2258
3701
4268
7455
1086
2530
8606
5493
1088
7325
7983
2911
749
5634
1218
2250
6074
6832
2601
9238
6372
6392
4884
6352
5992
7863
4252
8493
2530
2401
513
7945
8121
2840
1082
1922
4486
8123
6916
6795
8195
2105
1001
8633
2158
3489
4462
2883
6104
4711
1504
618
3027
9129
846
3625
4832
5951
6659
6206
7423
6341
442
8074
2463
4370
2152
9758
3544
8321
6596
8413
2501
1567
411
8931
7819
5495
6477
5168
5878
8832
7548
2116
9914
7441
3068
2708
7390
9146
8801
2839
5681
5140
1030
1448
6101
2080
1544
8147
9998
6297
601
4619
2456
7950
3045
3337
6758
935
3345
6172
2618
8206
7634
8741
7898
6933
7599
8050
7274
7168
8473
1773
6227
1877
1973
8944
9703
7343
8346
8596
5052
2701
7140
173
6964
6822
5815
7033
6217
5541
6536
872
9824
9888
5166
1843
817
4497
8765
362
4391
5314
5960
4972
9342
2774
6284
3807
9007
7699
1855
5621
7056
3373
3434
8249
4812
7000
160
596
4032
2922
8883
6353
526
58
3807
9765
4409
8580
7021
3569
6621
2197
3755
6655
3478
1314
5723
7939
4867
5142
6666
2585
2615
8577
3080
5625
9112
2905
2435
8524
2489
5524
4988
1118
3241
1226
2132
9184
1358
8143
1201
8006
511
414
1074
4370
9141
6169
8189
7863
390
7691
1352
374
5870
4921
1461
9760
8043
3047
4702
4869
3244
7906
2279
4615
2854
3801
6185
7527
686
9066
7302
6683
3424
8653
7821
4310
9667
5437
1283
8368
6144
5586
9804
6583
4811
5646
1960
5185
3785
4885
7473
3975
6291
1599
6848
7100
767
3264
7209
7653
5953
4762
2041
3885
7846
2698
3197
1715
7871
8037
8507
2002
7487
1707
2438
1792
1597
2009
5179
6963
7550
2875
9070
1878
7812
151
7426
5158
4131
8632
428
6408
2869
6826
3522
8090
4267
1919
6863
6814
3728
6225
9299
5406
4321
538
8560
9156
6072
345
1885
6199
6730
4854
1467
6346
5776
1279
3255
2580
9758
602
3786
5966
9448
5166
3935
8602
7511
9219
7166
7612
9576
4040
8090
4023
3886
5065
246
2269
6466
7673
3883
7313
797
1763
4434
508
1586
508
9872
7387
4293
6213
1738
967
7107
1293
8327
1663
1475
1900
2380
8078
8803
4248
3635
2494
3949
2527
8294
8196
8579
5282
2013
8124
6206
3433
3877
1907
2434
4312
970
1164
840
5676
8896
2393
6695
5421
3248
3864
2841
439
2277
948
7391
4547
9226
8236
6081
9849
7389
5461
2978
3789
1664
8152
3995
8236
3798
6291
3726
9458
6
4695
8021
7878
7112
8480
5534
6323
3278
914
8283
607
922
2421
3199
1634
411
4766
4224
1541
5169
2920
4250
3729
7978
9237
1365
6611
7227
233
5530
6002
6267
5488
2280
3954
7402
2026
2725
3545
4314
7428
8277
820
4827
1164
6472
3336
3246
8618
734
6853
3790
499
3102
6116
2879
5294
5576
230
4616
8187
40
2332
6184
1214
8837
8363
6888
9664
7508
3344
6586
9470
7263
6854
5610
3497
7430
1689
6982
4458
7857
1236
548
6113
6738
9259
1834
7259
8376
1167
5976
6681
7791
3495
7668
6800
3640
9242
6511
3560
9173
5857
6614
8322
2295
6860
5736
3210
7871
919
6192
4344
7000
2545
6429
7370
6375
4927
406
7005
2860
8488
9637
2717
6046
7111
8523
7738
7579
9866
2437
5361
6566
6196
7493
1359
710
3591
3024
676
2015
7192
7883
3742
2995
2470
3509
8069
192
9584
6615
9619
6066
8596
3600
4189
5556
4029
8585
8705
1804
5066
1732
1139
3952
4183
7004
9383
171
1840
276
54
7589
1282
3876
4039
6351
5017
799
2219
3866
4212
4244
6602
4258
3375
5947
9919
1361
947
7684
1504
5075
1888
3809
44
6950
6289
3328
3872
2519
8069
9828
470
5667
8498
5498
3876
5159
6602
497
9370
8045
2155
9918
4069
6508
3499
7707
9003
8840
6645
5613
1572
9686
1911
8753
4271
5483
2005
5736
6755
4199
7547
9061
1216
3848
8595
3078
4466
656
1314
4413
3762
9586
9057
5836
5940
1373
3309
8593
8867
2657
5429
5330
9517
2387
4509
1237
7840
1011
5768
6850
9220
2664
4733
8523
8627
2503
7496
8571
2038
2883
3132
62
1457
6519
2686
6142
5253
9860
8868
7958
3276
6626
3291
9272
9289
8081
1802
24
6580
141
1225
1799
4959
9552
7055
7023
8903
737
489
1778
8220
9890
8333
7560
2670
7693
2243
8566
8457
227
5533
9471
8736
7615
7440
3881
7897
4564
8591
9154
4832
6931
9583
2094
8885
2777
2123
4097
4372
6057
6607
6838
225
6923
3487
2092
2584
2543
5051
1323
6665
1473
8593
418
9285
7270
9849
6056
6294
8830
5756
3966
8493
8470
4035
4805
3050
3000
2976
9703
2811
1262
2760
2361
8643
5901
128
6865
5364
9669
5525
9226
2930
9683
8943
2952
4379
7033
1523
9624
5585
2670
599
2106
7049
995
1209
1053
7940
7583
7531
5775
6768
6758
714
530
7055
87
8251
6108
899
7304
9933
9511
4284
286
4388
7411
6659
8257
63
8546
8827
9757
7344
2366
1554
1937
5554
7311
2054
6410
3450
3006
3435
5239
54
9985
4090
1324
3735
5215
9407
7079
371
915
9394
2123
8197
2548
7636
614
9472
696
526
1145
6071
855
4056
7687
6079
4025
1950
2544
9142
9057
3772
7181
4475
5059
7558
364
1683
7833
5337
7755
62
3947
2626
36
1249
5384
490
8006
3268
1446
3841
6157
2468
25
8311
4984
9729
5066
8600
9378
4031
83
2525
8960
1084
4480
1719
5838
9340
4587
3870
9242
2442
1808
3747
9732
1894
2660
4630
6264
1339
7358
2381
9054
1655
8640
4796
2192
7551
3544
5223
5803
2455
2527
7447
5609
2892
1970
355
561
2491
5095
3846
3041
2342
5126
2639
2297
9937
4898
9100
4583
6511
3634
8718
2669
4243
9000
5252
6301
7518
1174
7476
1344
3826
4313
2285
4510
7973
8750
9027
6452
5668
1310
1684
9292
5057
2711
299
1478
7319
5342
3718
6228
193
341
1988
3460
2828
9462
4505
6587
2031
112
6994
8767
1663
8090
2541
576
6389
8252
314
4945
6252
6755
5223
8788
1264
2735
3707
4011
3308
752
6257
9682
8454
4375
6828
6753
9155
2557
8370
3657
2951
8920
2411
1985
8217
764
3847
8188
665
4283
9309
9942
8146
8380
7315
7864
6920
8952
4196
4466
158
1685
2316
1779
9856
6054
9526
3424
9422
649
724
5072
9152
6575
7438
2401
5866
4003
8197
4894
3485
5839
2562
6791
4512
2327
5643
5679
2097
8975
7635
5871
3931
4416
3543
6022
3825
5226
1014
2268
2197
4600
2175
1228
3457
4566
6155
933
2619
3835
9753
8541
9663
8305
6911
333
1298
7233
7963
3361
1662
1507
490
9618
3093
8007
992
8556
2377
1453
8535
8686
6015
9715
1052
2958
9878
4726
8586
9404
8479
8596
1116
723
9328
203
2861
1607
1473
3490
8241
5801
1571
5051
1037
5894
9242
3585
2875
8582
4028
3665
6898
3661
6498
2676
5895
1902
177
5733
7003
7979
1303
8015
9912
2814
4941
3544
5288
1255
6593
2089
4704
9163
7263
2325
916
9637
9605
3271
9975
594
1698
7247
1841
5675
9730
9260
6778
2686
4078
5778
101
2058
8933
9031
3298
8247
7123
2944
4206
7302
2579
8284
4296
6306
2796
1963
5790
2730
2540
4574
9988
6888
7614
7102
9554
5110
9342
5184
9777
7792
1022
4948
105
4454
5926
8932
400
6866
3531
9386
3778
6909
6255
527
6633
1922
9959
793
220
1721
5984
8261
7226
8902
8706
22
7967
3143
1554
90
1362
7937
8974
2152
799
5234
6428
2737
778
245
7923
2937
9656
3574
8355
9975
9649
4396
4218
2430
7669
7390
8322
2943
6100
4160
4416
1482
3909
2658
5610
1254
8669
8844
5878
5437
5561
565
4428
2526
2998
1068
3675
528
9844
8989
3423
7926
1405
1773
256
747
3656
8014
8065
8359
7166
5603
1519
4644
9350
6259
7532
8249
6294
8555
8397
813
4772
7435
2858
5323
5668
4376
74
6824
9212
887
3864
8205
7806
1637
8832
5634
4562
7565
1883
3418
9070
4504
8701
2158
9006
3690
6469
263
8147
6676
9986
5330
7320
6526
8360
991
2549
6306
8037
6308
3564
3450
5445
5691
3076
6395
4215
9270
3380
6619
661
5858
5174
3773
5939
8813
8090
4455
2420
7208
8274
2656
3101
3180
4546
381
5906
4491
8308
1952
920
4680
6632
4872
6699
3304
2027
5145
2396
4880
6140
5378
3480
3148
8799
7559
1668
1228
4567
3327
2406
7474
8628
2428
657
9854
7938
4714
7350
2600
8944
5826
6312
7150
427
8968
3459
1994
8949
5625
6633
3005
6972
19
2071
9975
7477
6600
6135
3939
5508
4260
8374
9644
4667
3458
4586
6302
4059
4244
1635
77
1199
7969
3767
6830
3216
8635
1391
4668
1283
8989
6128
8124
8
198
5610
5632
6070
3626
106
7286
4501
1848
3164
6697
9830
9615
7208
8996
4440
9832
7151
4577
8400
7807
2370
721
1291
8651
6642
7819
6752
2991
3440
9351
17
9531
6224
9773
2442
6429
8104
5680
7270
3645
8760
8169
8334
1709
1682
3169
7672
370
8254
4415
5335
6194
621
3043
8855
8624
5761
3452
7721
7342
3076
3706
105
846
432
5027
3883
4608
3018
633
1099
4126
2835
8869
662
4166
1543
3711
5212
9019
8984
2164
5204
7179
9880
4616
7670
6499
3390
2267
8034
918
6664
918
3515
1553
9239
6362
2297
6584
3788
459
7742
6647
8356
8081
9711
9704
7071
3833
4464
7850
7435
897
9909
5449
6706
3903
5942
3534
3802
6351
6520
9209
1721
1620
8311
9323
8713
4677
6309
2561
9053
2108
8318
7410
7022
2023
2719
2652
1027
5341
6604
8321
2422
5058
8195
6669
8734
3020
4608
4097
6934
3728
3381
8875
5682
2411
1919
1583
4800
4578
2416
4468
409
8075
2554
6072
5753
8872
6627
9095
4959
4405
5980
4502
2046
4910
3377
3506
2813
6525
7163
7973
4580
1588
1949
3954
4622
645
6774
9229
641
4725
509
1730
4280
9050
199
5748
8938
1183
6758
1001
5149
671
2404
9281
2577
1525
692
4982
2053
233
6884
8179
4879
2933
1811
5346
1626
282
9252
9727
9373
9140
6292
7453
1785
5751
2704
1344
3967
7392
6025
8114
4776
2089
5980
214
8603
1165
3844
690
7911
4446
7368
9825
9343
2518
5178
1899
1650
3737
8241
1625
3106
7270
4263
4924
8816
9193
6966
1462
8464
4385
199
5197
851
6917
6300
7211
8450
2206
8048
4836
4820
9611
5258
492
7329
3146
5324
795
7659
4897
9407
6665
2228
572
3973
64
127
3783
81
8289
9555
5311
8317
8479
3726
4524
5135
7586
1460
5193
9417
309
2311
4577
2033
1071
9832
7675
6842
7571
6669
4163
4035
7171
2143
4330
1780
6679
5990
7880
8881
1995
8046
915
7556
4260
3524
5457
873
4858
5042
7356
4607
5963
8482
280
4068
7818
2154
1661
9355
1160
4715
5534
2933
6828
216
9072
603
9725
7961
9512
1026
7273
6343
8182
6420
8837
9770
20
9441
6685
418
9507
8784
1318
7831
38
9384
4123
6526
2927
8133
8799
2826
6950
3561
8200
1976
3194
3033
1933
5048
6788
5242
704
3374
8109
9828
4899
6330
8044
9694
2495
7577
8207
9152
662
565
6922
1881
7411
9387
363
7316
2088
5356
1210
8646
2619
7023
7077
6243
7888
213
4507
8060
7876
9215
8421
424
1256
4649
3544
1443
4172
2268
9573
8944
8838
5244
5004
8372
8097
6352
2893
3884
1711
3286
5427
5720
2530
5730
5766
8348
3083
2899
4231
8337
4558
3006
3906
5208
9705
182
2405
6518
6968
176
5894
2033
2971
7975
2191
8264
7888
3230
612
8470
4646
9889
7579
2736
4373
8670
1332
5097
5647
513
74
3380
8329
9921
1865
1591
6550
1314
4101
3220
842
4879
2414
9082
6053
5615
3585
9952
9654
5537
2748
2575
853
1276
4839
4086
9627
6002
1460
8209
1098
9506
8627
2482
54
3573
2329
6871
9742
6095
9439
28
4702
8547
948
5847
279
5071
4073
6164
5181
319
3865
2112
3983
6059
6071
2402
1252
8977
4209
490
4060
1629
9194
4762
5137
7632
5988
727
508
3638
1235
164
7867
1443
7014
2961
6044
4401
5877
3824
5141
9181
3556
3711
4160
5248
6805
4909
1464
6174
6350
8918
9026
8308
3020
8969
2742
5012
3030
8043
5521
5991
3366
2502
7552
8799
7621
2849
4396
3458
4455
1859
3723
3956
9548
2393
3170
1647
5195
4368
4304
8930
5187
1137
5247
102
3912
1575
8982
591
9853
9687
5743
9768
3237
8684
3734
121
8168
8258
9418
3853
1131
5017
3430
6909
2502
9184
3409
5332
209
2640
1111
4461
669
7070
8180
4594
981
284
8671
8614
7050
3930
4969
2111
1476
9827
5415
7785
1272
5096
5625
5795
2570
4802
1999
8054
1187
5485
8787
9106
8204
9988
4428
6594
1222
7450
8062
3563
2700
8025
6610
3822
6724
9021
3542
8433
1696
5867
1364
8882
5738
6778
272
7809
748
6769
4085
4315
3372
5178
2177
2144
1088
6346
9448
1829
9397
628
4028
2940
865
4639
4307
2472
8475
5831
3537
7881
7879
8698
7619
2747
2884
6902
5996
6895
6291
9529
5611
6931
1458
783
8745
6608
4257
3219
6589
4807
7905
1333
2577
2274
783
3633
5102
6256
8167
4575
7445
6697
2415
8266
4514
1374
441
6062
2624
7803
6905
6744
1809
4419
7478
671
3989
4266
1880
5294
3671
2507
6364
6875
8601
8795
1707
4069
5964
5307
4728
388
7643
5398
2691
6135
9535
959
5992
6658
7733
984
3024
4661
2297
9769
400
6984
4962
6731
9443
2203
8621
7291
7961
6679
9543
6453
8721
3019
7436
2805
9399
1436
4663
1000
573
2383
6799
6188
8499
9868
5770
4387
8487
1369
4509
365
3486
4902
5206
4013
8285
725
337
9167
1122
8424
6123
820
3096
420
6702
9820
3093
3088
8572
6084
2246
5018
4956
9510
4630
7304
9765
6993
2016
3987
3874
2426
848
9298
8271
5707
7066
9594
4723
498
5866
8722
8316
2288
5048
7959
3060
8095
162
2765
5134
469
2562
597
198
3927
9995
6038
632
3765
2690
9510
150
5404
4450
9586
5358
1799
6891
8176
7722
769
1517
4844
3166
9864
9510
7727
208
7048
4114
2011
7549
4565
2969
1265
3333
7048
4091
6430
8147
2545
6070
429
6595
2072
7465
2586
1706
7385
3727
1412
4729
6193
862
4728
4057
36
5566
1376
7912
7053
2954
9865
3886
9509
5671
4830
1282
944
6765
6426
5834
4913
9048
4841
4545
9193
8546
4318
7618
3940
7158
9040
8990
1743
2045
9910
1179
5543
8163
4463
6567
5795
4524
6005
7874
2283
8626
6491
4069
6469
6015
2738
2182
8520
3045
7514
1187
8632
3237
8977
1495
2573
5106
24
6640
6374
7859
6375
1604
2825
912
2905
1228
4602
6291
4180
8309
5990
8683
45
954
5168
532
2004
425
3554
3644
1863
7435
1100
702
3998
2363
1751
3153
3026
6768
1933
6160
8328
4268
6657
2914
6832
1624
1120
9446
2103
8986
1386
8582
2520
2986
2029
9246
7112
5190
5743
7468
5233
924
386
3733
8728
4687
3411
2560
9493
6357
1743
6562
5660
2795
490
8896
7846
8592
1077
8104
150
9203
9572
7881
5469
5215
5103
9549
5733
1575
5437
5421
328
7289
2990
8200
7976
9578
2481
3194
699
9840
1187
8750
717
7161
8798
1053
7931
4857
6107
6063
760
292
6667
9050
7450
976
5913
9442
1785
3221
6413
5201
8136
661
3039
3658
6240
8570
2223
2199
3744
3891
9518
2639
4007
9420
5695
1243
8793
2664
9759
7097
1090
8467
3100
8334
7007
3764
3183
8207
7329
3365
7377
5175
5380
3708
6429
9426
7564
1852
3852
5799
3673
6108
5034
4693
5375
4128
8928
1513
3805
6694
8651
8498
3396
3185
6606
6114
1857
7782
3896
6812
1621
7803
4070
7336
3288
7491
9802
3684
9505
2624
7928
5181
8639
2957
4920
585
168
5110
5472
9231
7083
3631
9458
1210
500
1692
6713
8635
4862
572
7350
791
9831
3186
5271
6733
8550
8327
6071
6640
9208
7617
6931
486
6849
8389
5163
2503
1426
8712
9264
544
4495
1073
2860
7168
4157
9215
1629
4810
6093
4669
6352
7862
9288
8166
9884
6403
8289
737
7245
7503
1053
7607
8663
418
1085
1556
4454
9982
9424
6911
612
2658
9584
761
6177
7389
6834
653
8443
4089
1714
6414
6284
1550
8473
4566
7424
8273
7474
9257
7507
3981
6708
4757
2677
5494
5753
171
3694
6377
9936
5191
6305
9745
7522
3405
8590
5246
6609
7399
6489
6323
6854
6935
5364
4318
3948
6646
651
4245
7191
9898
6294
4759
1981
8242
8096
1599
9411
8962
8989
2596
5953
562
98
8796
71
5591
7986
9921
8395
5427
6957
8215
7757
6863
2543
1828
8060
1264
6473
2976
9331
284
6582
7130
5286
9692
9342
7173
876
5316
5169
8006
9836
5419
5028
9119
1250
232
4610
83
5818
7113
3080
9954
4080
5603
4609
2953
6800
5921
2590
8652
790
5768
79
6478
2797
4057
1603
8067
6340
9344
884
928
1945
7855
8650
3722
4912
7788
6264
7527
2798
7799
9081
8419
4010
736
9617
8096
2438
2373
7196
4470
1499
4429
150
290
1164
3112
2051
3349
9693
5018
8083
7693
7952
5106
1441
9304
8385
7591
166
6178
3638
8236
8641
287
3309
1405
5042
9404
9196
5234
1521
2313
5983
789
4017
1228
208
8749
5084
4170
2808
9203
1678
5608
3512
8238
1836
2035
9938
4725
7506
2704
2590
7922
3100
7595
4123
4626
1516
1627
4601
7137
9774
6713
6453
7896
5576
9245
4822
8596
5361
7408
9054
198
3658
1841
4785
6832
1257
7661
6306
6105
2243
1803
3002
673
1434
8908
8741
2668
1253
171
8638
1332
7072
8958
6334
4589
7347
2199
3434
2142
8316
9129
9064
3393
7944
1611
9261
1660
7351
8349
3491
5359
9186
3840
2813
2577
3562
6367
8897
2589
1258
5776
8402
6235
6180
7279
700
3917
6808
903
3821
5272
5167
4538
3253
7186
4761
2948
1858
8187
6915
5621
4019
7116
4481
5315
605
7732
8810
2181
7916
9646
3091
8988
8363
7300
6139
4441
2863
2371
7161
635
6731
415
8560
4509
1095
2533
1562
8923
4155
5286
6663
294
3131
6868
1335
254
5199
5206
4771
7053
6220
1846
3268
3588
8925
1800
6548
7003
3930
9878
7796
6793
9122
7977
5761
1387
1987
4443
1361
1658
289
4444
1978
3652
2705
9659
5691
8086
4672
6099
7592
8593
3214
1361
4799
5892
6876
3640
5433
5586
4399
167
2889
4646
6088
6793
5928
4997
113
9966
658
2388
4708
2536
7090
8111
3945
1626
1949
3242
1206
5832
7795
813
9821
3186
4572
6310
7039
9361
3364
8291
3470
540
3314
8409
4829
7710
9132
269
2907
5551
8254
1047
4190
5782
6675
6858
6158
4258
610
1346
7146
2866
9266
3896
4896
1930
4087
6148
9230
2634
1681
8352
4177
1468
9225
1216
8601
7839
5290
9963
2016
6253
8090
8546
7823
8978
7364
5012
9855
1445
8124
5345
1514
5544
3100
4577
1401
8153
7894
112
7044
8420
9022
611
4960
4181
7489
8841
5223
8218
2979
3381
4806
9450
9093
705
5590
5000
3936
1636
660
5179
9403
8657
5115
1582
487
4827
9893
2289
9711
1969
4381
9940
1917
1773
6409
6975
95
6142
7736
8719
6271
548
8278
3056
8147
2660
3092
3689
5623
294
5244
8614
6837
5854
3011
5416
9354
549
6423
2282
558
6656
4125
6244
5071
7562
9217
2960
6938
1138
6045
3194
6479
1749
4855
9170
8173
2879
7511
1262
8179
488
9979
6496
6821
6137
4862
6841
5875
4143
6624
1700
6399
144
2194
3054
5321
1083
2835
1577
9226
6942
4612
9787
8479
88
7539
4110
9486
9909
7797
3302
2011
4215
1244
7070
8706
595
6233
8254
7598
7181
8688
7143
8719
8555
9319
3922
9838
9227
4198
1316
3903
5813
2059
3476
8985
9665
5920
9705
1789
7149
6112
5286
3336
904
9215
2873
6023
4414
4667
7256
9711
4186
6953
7195
6312
9760
7438
6741
8715
7803
391
5314
5221
2814
2484
428
4019
5334
71
903
7240
6892
9633
1222
3128
324
7052
589
2433
8087
7248
8875
7487
7048
5553
418
13
2943
3734
47
8678
4592
7889
4063
835
665
5291
8066
6437
6484
5378
8824
4617
1131
2651
2897
5451
8353
5600
1287
5944
8287
1299
2766
907
5749
3624
1994
3626
9729
6159
8768
7936
9005
7826
696
5745
9480
5880
2338
2987
447
8628
6712
1503
4437
6118
1542
7393
9275
3089
6795
9177
2565
3199
9730
5576
549
8345
6845
6743
6573
6112
2249
9258
3679
8293
7261
1602
8585
428
7211
9111
5731
4869
658
6409
5898
588
6462
5387
4969
3413
9783
4528
9032
8862
5248
2049
7370
4162
4255
5985
6292
7096
3895
9916
6782
2187
7539
3502
8022
2366
6349
2236
8333
6816
3822
6382
8618
9977
8851
9417
110
7659
6806
9777
6171
9659
4714
6879
6210
6776
3027
5820
5787
6172
2958
4488
7071
6067
1558
1016
8837
5100
8897
3077
9478
6763
8243
5855
4547
3696
7818
29
5363
7752
7132
4386
2335
1634
421
4475
6219
115
2946
8129
9126
5071
3770
3455
6524
9882
9472
775
9130
609
6111
2485
1993
1613
3459
5660
510
9595
9374
9930
2194
7416
7048
4757
5749
8759
6548
7462
3161
9423
8720
7036
2879
8983
6785
8145
1051
2693
8792
4360
8869
6626
9625
4579
4357
5086
9984
9032
2278
7639
3777
6077
6044
1144
2546
8471
827
635
883
9397
8623
8090
4645
3372
7361
6902
5356
8251
3853
8819
1232
354
6333
8715
4709
1600
1271
3124
5290
3081
9272
1714
3951
560
1394
3250
1382
8970
5446
9829
5180
2427
2362
7381
8176
5071
7201
2313
9671
1287
2534
9954
6034
2157
7936
2012
4029
2780
8464
7318
1979
2235
3016
9039
9178
5672
9396
2108
2034
7097
7328
63
7845
8566
6912
606
7480
3046
1444
8448
6253
9758
6546
2756
8363
4347
9001
5179
5293
6782
3143
1815
6272
9509
3392
2481
3494
8652
4271
7010
5486
1048
6123
3360
4054
3987
5592
7993
5739
3527
3381
6273
2007
4166
7551
634
9875
6874
6151
8922
1648
5346
8903
8797
1509
5864
7534
1196
9011
6738
9506
8451
231
7279
7815
6514
7203
9263
60
5028
6729
6824
9823
5008
7212
9380
2125
2412
5121
5343
864
3676
5064
9584
8321
3807
1221
4873
1251
4116
8465
9719
6695
8824
5495
4728
2903
4567
8707
2691
6259
3114
433
3264
8211
6646
6000
1869
4142
8239
7719
6750
3836
5558
1103
3484
9342
1293
3485
9403
1148
7699
5214
6532
2116
7940
1606
2047
5745
4158
4705
6215
7962
1802
8749
883
3480
8923
5276
8773
8530
7664
3017
96
7994
3542
8734
4773
4737
8096
6262
256
5872
8643
2202
9898
8253
7229
2057
210
6324
5969
4947
6256
65
1153
6802
5503
570
4601
8718
2361
6670
4851
2833
9489
950
3757
7605
36
1501
2626
7465
6281
655
2870
9252
6420
820
310
8269
310
5308
1001
2069
9035
7305
1354
3519
1182
9003
392
7424
1710
4583
2052
1553
5709
5676
2154
2686
2219
3206
8838
5570
9920
237
1088
7781
2802
514
2227
114
5528
8823
3845
9927
5092
3623
881
1436
1946
5542
8815
2385
1699
8525
7916
5506
1802
501
3232
3823
5721
8545
5651
771
7248
7956
7226
74
5395
9017
2445
3794
7991
9679
7664
3159
3196
2404
9211
6999
9573
3429
9217
6218
6823
8489
6970
139
9244
9752
4751
1977
1591
4855
5438
7928
2217
6235
3677
3938
1350
6790
833
7740
2544
5372
181
2269
2329
1967
9507
4583
6313
1071
9226
9333
640
1765
899
483
8386
241
5065
4751
4803
5792
8477
9107
1148
8996
6802
4788
2532
3481
7597
2895
2788
58
8033
4342
5148
2933
3586
4072
1237
3647
1760
253
3666
7817
7818
7026
3283
3158
9712
671
5818
4238
960
9003
4978
3961
7758
325
3149
1097
2805
7591
8158
1236
6134
9327
2843
353
2194
1976
1052
2922
5773
9427
4905
615
4521
6092
1030
383
1432
7178
6433
4095
7473
2841
8301
9065
1932
1792
6415
7142
9925
8359
9493
8793
1367
8601
6209
3401
2280
8236
9898
2514
3737
4356
3423
1975
6377
7890
6292
3553
403
1137
171
9690
9684
544
1411
8034
2340
8229
8952
2243
5429
1949
3984
7195
48
4916
9982
5532
2112
6213
628
6364
8048
9614
3327
7955
6225
2762
9500
1281
4967
9358
2479
5089
3717
6782
9286
1787
7142
6864
8295
9862
5887
4793
8948
1047
1432
797
1076
9497
2328
90
7346
9962
9757
9283
4417
3699
2303
9926
5439
171
4115
2465
1778
9105
3758
6708
7665
3880
6987
2182
9280
4156
3541
9771
3305
8651
305
573
421
472
2333
6319
6235
9443
6694
2857
2192
7458
4326
3927
6211
5540
2421
5072
2181
4868
57
8176
2191
2881
1194
5610
8392
9515
142
872
8484
6211
7899
4973
9489
5787
8570
9212
2813
1440
6873
9757
263
9159
7725
4590
7484
7079
5563
9880
137
3145
2921
3563
5585
2251
1091
6392
7163
7706
5819
8065
5180
7889
9957
5870
6298
3804
9928
5878
6888
3104
1300
3099
3153
6426
8160
6453
7242
9532
580
5189
5941
5125
6279
922
841
4165
7440
5420
3994
910
8653
6933
1785
369
3341
1083
6076
5954
5124
6550
8930
970
4808
4853
9758
7502
4554
5867
1391
3297
4372
5850
6901
9932
9637
5828
3654
4491
802
1093
8171
1334
1622
9512
9242
1758
3638
3779
2793
7962
2212
7481
6120
8193
1963
5195
9085
103
9055
9296
7472
9083
5653
9812
3529
5890
2468
533
9222
82
9676
9820
9499
3823
6181
6117
92
238
381
2834
8152
6523
8099
8525
8134
8159
1810
3183
4967
1301
8548
9475
4049
7503
3200
8920
2871
7855
2759
2636
7427
3467
731
1586
4952
9737
2082
4910
1063
6621
6003
9248
3453
7427
653
4808
2868
3282
5858
6262
9300
3996
1782
7247
4375
8517
9672
2498
6931
2879
8891
7048
3857
5205
8129
4413
5276
4781
4904
6706
8741
39
1749
8915
2441
9040
2288
4827
7648
7041
6019
26
4445
9378
9805
7091
7608
9861
5176
3924
3909
4454
3039
1558
7125
2998
9488
3950
2399
698
4314
9553
3833
3795
1613
7370
6056
6293
5230
3048
9904
5072
6672
7620
5536
6590
9824
8736
6032
8102
9484
9871
8335
1875
2945
722
1733
7846
5233
4245
2082
5535
2986
992
4885
7549
8734
1282
2598
287
4190
4650
9262
4684
7789
5156
737
3743
7693
4125
9679
361
1696
6836
5442
2488
9350
9101
7806
7039
1548
5098
8004
5577
3208
1062
346
4220
8508
4434
6143
1643
8215
8647
8481
7227
5989
3879
8507
8560
220
6629
6150
8710
996
723
2325
8833
5117
306
4643
2200
8511
9140
8548
1030
5335
6291
6388
9841
3909
4526
9414
1297
4616
7296
3853
5041
3250
2482
3715
6593
6375
4359
4112
6758
796
5024
5461
3069
3799
2775
6907
3345
5953
7210
340
7625
471
4357
3244
6645
7436
1644
7022
6450
2468
2082
8589
9186
703
4730
5420
2447
3569
3326
6588
5526
328
8775
8316
777
945
9476
1843
2540
2528
4028
4926
1708
8808
1785
5857
6463
8106
8603
5432
5065
7004
6411
3124
1469
8564
1709
1166
3355
1281
1249
8526
7186
8715
5264
1898
4966
7413
7718
4454
9220
5301
217
7270
3691
1948
15
1778
4400
2350
2565
6765
7196
8580
4431
7802
1502
930
2213
1398
8943
8233
1045
7641
3931
6487
993
2376
4436
250
8536
4120
9026
3856
5891
1223
7582
2199
9767
8691
2615
461
1415
8455
7622
4215
8988
3290
2942
4335
9462
295
2018
5506
551
7010
7032
202
7838
8793
8789
9188
6145
7889
1204
8002
3048
8647
6933
7322
3574
979
2983
1047
4085
7845
4488
978
5358
1110
9628
744
6589
8253
2916
810
4555
1524
2843
5532
8860
5399
6902
3272
1153
3348
9118
8230
9656
7601
7568
1025
5599
2064
3520
9695
7846
5075
7680
4962
6605
3213
464
368
8807
2741
7346
1325
2514
3310
6142
4443
4654
2487
8895
3897
2426
93
1176
5367
7001
7663
7522
8638
1513
5749
9027
2169
4433
7304
1193
7013
756
1759
8934
4446
7945
2974
6874
7326
2997
9785
3685
1735
2071
3837
6634
966
2590
8584
2930
8100
150
2369
462
4039
5496
9168
1766
8435
7619
4234
1417
2114
3460
7511
8431
5767
7698
5564
9428
9433
8089
1017
6877
8424
2862
2863
8491
2118
456
7918
8038
8468
8930
2943
6573
9373
2124
1366
2936
3973
3741
8151
664
616
1264
2489
7566
3004
8639
6724
8217
8262
415
808
3531
6029
4366
6977
7326
1624
4867
3044
6212
9109
5281
2863
7889
1323
2793
5159
1572
6804
46
4304
2305
6396
8449
9123
8180
7373
6948
4940
6201
3375
636
9249
2098
712
3156
1018
4690
2837
7951
2808
7612
9123
8498
8155
9406
5336
2303
164
4305
8009
1053
971
3945
8375
421
8527
6897
7587
2132
8272
7649
4006
2008
3096
26
5914
3707
4182
4063
3389
2650
8465
3980
8596
1899
6098
7617
6100
4576
2440
6373
8581
6095
6683
6586
1081
8670
3808
433
4884
1785
2978
8747
4535
1429
3899
6439
1878
5057
9391
5547
3141
9246
3875
5244
8245
5305
2260
7379
8434
5177
5071
3898
2008
2158
4081
6485
3091
9125
127
7639
476
732
8418
2656
7462
8212
9232
2861
7763
8567
2330
8891
49
5144
5524
7117
8627
1198
6284
9771
453
8497
2290
5053
7932
2243
3847
9094
1402
4769
2840
5812
2034
8792
8154
7421
6738
8104
2243
4364
3770
8
7119
6845
1959
4952
5971
7181
2854
364
9398
9821
3626
992
2654
7415
9088
4303
1845
5282
3120
8300
3234
5019
8632
2785
2744
7067
1367
3462
7308
7145
430
7129
2186
63
1764
9790
2655
8034
1533
8396
5220
6345
7946
6505
3412
9460
2926
5969
6819
2314
8525
4779
2894
6159
4470
1689
5531
864
5580
4602
8293
5518
7089
3071
1909
2357
9494
8868
453
7648
2300
83
6104
2875
2734
7946
1976
9616
306
3094
6875
694
5351
9604
8539
8459
3847
4894
6922
53
577
8146
8796
331
8165
5721
6942
561
4252
2084
1277
6824
8372
7642
1394
7436
2822
6800
5150
8791
6728
3583
1227
7247
6415
6227
1709
4228
7232
302
4028
1674
2278
6753
431
2557
5447
5951
5733
5951
3842
5310
3296
9243
3663
884
3671
8834
4440
1009
7055
4568
4597
5643
9439
4186
2133
4022
7207
6692
6156
785
1021
8263
9432
6042
4911
7791
1967
3345
9053
4564
4137
7720
2769
2298
9351
6454
3142
10000
8828
2397
1972
6822
1550
7282
2518
9003
2422
1560
1920
7921
3358
6602
4166
8575
2322
2113
2680
6469
25
2168
7490
3191
5232
911
3282
7658
9929
1196
5996
2040
9816
6868
8994
6847
6480
4067
3002
221
7815
6364
1520
7337
9143
6602
3740
4512
5210
2216
4368
2977
9062
9414
2233
1759
4776
2359
4250
928
6223
1653
1994
5526
3161
2923
8783
4949
6522
2535
3080
6590
2597
3690
7334
8779
1380
1788
5510
6639
593
3731
7069
9010
5683
5436
5702
6474
1241
4930
1724
872
5804
9144
4566
7203
2540
5290
6693
6250
5977
5547
138
6279
4824
7881
1179
1165
1639
5136
5768
3530
9107
350
8255
3622
2762
1394
6489
933
3878
4133
1326
8514
9044
8957
6121
3606
3898
860
5380
2958
2849
9489
6670
7447
7771
7723
2128
5569
2502
4263
3308
4035
2945
2739
752
1805
4652
4541
3712
490
1538
4839
4139
7272
7680
3556
4738
929
7139
959
3438
8712
6344
4625
7932
9308
3049
3524
8905
7190
8358
4100
8181
88
1491
6997
9600
3198
8669
9104
4765
8575
3247
9994
937
3765
1748
473
4080
6386
9878
6108
7901
5928
5393
8281
6102
5986
2274
9188
6908
7277
9964
2685
8186
6484
422
853
2359
6041
7561
4686
4960
1013
3148
3515
6105
2017
7402
1965
8668
7280
4499
2495
2129
4659
4792
294
8026
704
5746
5282
3138
197
3334
6432
4634
3912
2788
3506
5170
2654
6804
7549
2565
4501
9338
6610
995
6627
8802
9525
4501
5910
9526
8402
2006
8156
2390
1775
3380
3140
8921
8429
8337
6657
1261
340
8028
1019
2006
2937
9931
6683
2496
5581
6639
2133
6451
2577
7323
3868
3035
5206
5417
513
5683
1177
1065
5460
996
976
4566
5143
2219
5425
1000
1868
8463
365
4413
4470
6613
2801
8636
9920
93
2142
3444
3463
7978
1695
6462
8033
6202
4906
144
5399
1905
9042
8092
8590
3883
6794
2884
7650
212
1989
9626
5675
4911
8519
580
3464
4955
1834
3059
6159
1303
9534
1345
2098
6773
3141
8344
6345
8861
4068
3994
1864
8644
4692
8537
8395
8638
9778
3167
5373
6666
8548
2965
1804
7942
9201
9060
844
9790
8619
9762
1980
9882
9185
7180
3450
5228
6270
6465
5113
1364
7228
2728
5534
2298
3286
9494
8643
772
9619
7580
8656
764
3095
6761
3229
634
8056
2669
6914
3486
3886
9179
3832
593
6651
6810
7522
866
2403
3140
7953
9443
4570
462
8262
8195
7842
6220
4304
5904
7960
3638
5591
7985
8147
1479
9203
988
6000
6010
6531
7717
3527
7108
4103
1327
4491
9085
2236
7543
5384
7234
4151
637
5067
864
5434
3474
6711
4117
9387
1029
5519
1209
5387
3268
5242
5666
5058
676
3642
6525
8773
2528
7013
2452
172
6673
8549
3347
8847
3441
8426
6103
2094
2339
8058
9831
3294
2439
4866
1105
2462
2827
5690
9710
7112
5735
9057
370
345
8510
9967
5320
9516
2213
6019
5655
5193
6014
3509
3027
2135
1236
9519
8049
3658
9515
8331
2296
6572
9200
6136
5817
477
7877
2281
6549
5783
4056
8908
2706
2169
9251
6625
5460
1207
8663
9258
1323
3238
1698
9363
5486
9035
9269
7153
9402
7023
5720
7451
8936
1180
1006
2446
8735
996
6906
903
334
9936
302
4474
6106
5497
1614
7970
8633
3147
8418
885
7952
9188
7518
3235
5947
8016
6987
6709
4842
2336
7644
4312
8616
4251
8937
8590
4691
4598
399
9319
3928
4908
5048
9205
2735
5460
4390
6512
1306
4454
8204
7796
2384
4808
6875
4859
2064
2534
9418
3173
149
2258
1713
6450
7535
1220
29
6665
3757
8876
4022
9420
9428
3397
3795
9559
6584
5639
1247
8728
8671
2930
5278
4521
7463
6518
4494
6201
3877
9900
2933
4523
4010
9551
1138
6579
252
1740
2094
8214
8238
2883
343
6385
8602
4730
6967
8958
9379
972
2
6658
7383
3428
2242
2559
4828
8434
2733
79
4765
4849
9003
5117
9300
421
5640
597
5287
4247
1933
5407
7117
1144
2865
8335
6279
8913
2904
4845
8679
9142
2440
951
3227
8442
4945
7415
1402
765
8754
4184
3416
4226
2692
4915
1851
3835
9266
3466
8333
8801
1524
9479
3893
758
7582
7568
2191
483
5679
2298
5455
610
390
199
5166
2801
2840
4867
9988
902
3777
9853
4513
2827
6377
3595
5840
5465
425
3757
9433
7899
3132
670
2134
8793
5936
7410
3762
4463
8248
8988
1414
6898
4925
1218
6251
3015
2153
9423
719
5098
804
7524
9388
5229
7239
8679
5816
5215
7869
8281
8899
2705
4176
8816
1784
377
6346
2632
9002
1986
2616
1500
8497
243
2839
704
3783
7695
5748
2148
269
5800
9208
1949
3322
6353
2831
8771
55
9547
4972
363
7333
543
6075
6624
6756
7771
1087
4427
101
7918
8990
7630
2004
1834
1047
8211
2935
8487
1369
9958
7062
2372
8964
9543
8022
648
3344
299
1652
4438
4201
7080
2109
6875
6762
4897
1936
8956
4454
43
1239
2675
5099
432
6843
7066
5997
1100
3353
3825
5852
9182
3548
409
3455
5600
8577
3902
1073
832
7556
1314
5822
1747
4735
7164
7448
6679
708
7929
7061
5802
2533
2863
1756
9765
1598
3672
9297
6271
1705
7301
5447
902
44
9254
1140
6237
4998
8887
6104
9007
6101
2627
9696
1954
5647
776
9754
2106
6215
8372
2240
3557
881
5408
7477
686
8517
5981
2722
5858
2407
6049
6916
4847
7814
8160
9844
6971
8297
8386
6805
6328
5250
7431
4394
3140
4674
4305
1592
6657
3320
8783
597
2153
5482
7080
1656
6207
1098
9703
8574
9710
8797
8580
4189
8394
8301
6589
867
8306
4433
8216
4018
7166
1224
2668
3199
1338
1352
9082
126
2520
5978
9239
5135
5052
2587
2368
6138
3153
7403
622
3209
2989
9142
3097
7307
7837
6770
4126
1821
5145
5368
6074
4521
1505
5471
1498
2816
2311
7303
5825
4775
9881
2545
991
4632
468
2865
5852
2869
1855
8054
8257
5158
1355
9525
4900
3843
9035
7682
98
1405
5716
6316
5149
8730
1218
3691
8004
2930
7936
446
5372
7185
2976
7108
6154
2231
2492
1221
3304
8362
2563
3215
5285
946
1562
8407
7757
521
3013
6787
2829
8350
963
6688
2993
8499
6301
3221
3404
6818
1117
9782
8506
7607
1722
6595
6652
2036
2834
8840
8866
9498
3516
9519
5339
6087
2036
2954
8743
7584
8124
2620
9103
1155
6195
528
6791
8168
9545
2883
8989
8026
7243
5785
7569
6679
8090
9345
5992
5430
5240
137
7
7420
3886
4924
6779
5955
8271
1389
2243
2289
5333
2119
5411
8292
498
8649
1147
9132
7979
790
613
8523
930
6898
7440
4829
6615
2163
4877
4267
5350
6997
5670
2121
2264
976
2306
4875
7046
4102
2379
108
2014
1225
4945
4031
6241
4519
2452
7216
579
7713
5330
9636
9333
6323
3830
191
7228
2423
1125
3596
6436
5154
4755
4457
9249
200
5203
7119
4152
7302
8310
4726
5509
8924
9259
221
2443
2403
1031
9387
6196
1468
7770
845
12
3840
1280
3134
5009
1757
2617
965
7275
4990
5039
5470
1833
5038
3552
6622
2354
5990
9677
5971
8102
1161
8031
9575
786
9188
5225
2367
9162
8564
6541
5966
5754
4275
548
5724
911
7741
9648
8709
7944
8352
2588
232
3873
5717
8222
2914
3790
8698
7739
7186
3646
3350
8901
3371
6153
1535
9798
7891
3324
8692
9894
2604
3866
4165
359
8642
6857
9476
2400
525
2203
2506
7088
4098
7928
138
1982
4384
3376
5422
6327
976
4476
5845
2351
3959
3420
8245
8439
170
8951
4019
1667
9295
4764
7798
8367
1006
6487
2731
4363
4341
5492
5929
6708
9605
6892
1056
7790
2642
2587
4230
6801
5211
5857
5844
7344
8217
5604
5597
5514
4963
9713
8008
6355
5453
7767
7757
6654
9116
9152
3469
3989
1952
7730
4054
8504
2842
6103
8291
2405
9517
6038
5711
3845
2415
1304
4361
7525
6479
3691
2653
1146
1432
70
7448
1804
9158
1237
3516
5909
1483
9019
4956
3880
2699
6472
2803
2065
1621
3339
4692
8704
3335
7780
8483
2279
9984
7083
1397
3732
36
7823
9385
5233
9527
3940
6598
4461
7638
5153
6230
6049
7307
3732
2402
8224
8160
3723
806
3525
9371
7797
6237
3323
4291
9949
7245
7839
8752
2191
7779
9374
1117
4491
3280
8238
5316
824
3104
4610
8758
5257
3610
1277
9843
140
8891
2
3357
1090
4537
3674
4505
718
5998
5841
681
8348
3916
8614
8078
3663
8995
516
4609
1249
5712
8712
4563
7341
7173
9926
7517
5442
4523
3475
9700
3577
294
9535
5650
6796
9643
3411
6955
4036
1721
9909
7034
3466
4202
4591
1854
8318
1387
7425
5741
5006
1202
2670
2375
6726
8870
5821
5369
4989
5883
2581
1104
9026
4614
4132
1419
6180
8037
9767
2920
7088
2577
4715
6446
