27867
29375
46586
46243
78581
84634
61478
86737
43248
41657
43003
95775
93776
9408
26685
3404
13831
45586
30953
66124
10988
77188
38412
72784
71961
78436
81275
85943
89472
73914
77722
43139
96391
64196
30094
21654
29918
55622
2039
31160
79893
81434
62384
20134
39487
70598
11661
98015
26019
38403
18683
50145
3362
48282
97596
65087
40022
33799
10141
90062
89921
74160
43364
20115
62962
26556
80801
88334
7327
59318
24829
55212
12190
69361
49273
5151
38664
72836
86749
18671
17577
33129
38813
12362
87640
43533
47114
65350
74266
19303
75731
79678
75440
17191
27382
75609
38873
84359
50776
85597
44063
33212
95448
62597
64227
43577
91793
68380
76426
62443
22697
57249
47003
89106
15339
37204
55783
40116
25392
2880
92428
36649
41133
30810
3361
34251
31828
16117
93399
3958
35834
45102
46121
40544
74357
34635
75101
74076
33040
33990
75796
27689
45708
66573
65668
48063
69853
27210
62709
30904
52463
12812
74084
19432
93492
34991
49120
17305
64131
6710
85046
20297
30740
80447
15025
60257
3173
63611
84675
84502
31865
39857
37093
93117
99152
26130
21880
35565
99752
81196
53464
78031
99346
70639
51673
8898
52067
49384
90780
1749
65512
57068
57995
91879
43647
80956
1655
8036
59649
8395
97308
15318
78734
60896
24159
62145
53384
30877
11329
3189
53577
71406
29894
6247
68321
62684
12515
78934
4602
9437
76226
22789
47736
67510
41394
19653
29861
17152
97979
61675
38212
44355
74882
16928
61064
60728
4616
40414
55878
30000
89030
64553
51407
18972
54046
79903
89181
54377
11790
1446
25808
79960
33322
86508
66124
78655
16974
90901
36325
21062
50027
75408
1127
20557
92709
28251
8234
59693
74316
28228
26918
52342
53127
93470
12435
4408
65083
99675
1546
82729
98795
42831
71661
52487
81438
1375
92778
94995
20345
22616
30046
78369
69183
26273
44318
43022
60689
29191
4833
49843
70310
27414
55521
4439
48894
96021
1517
56512
86287
33499
50608
32270
24593
14182
57183
31673
71779
96152
77829
32977
65386
90753
13403
86641
77138
68598
12409
84032
80246
17734
36977
84772
70176
5291
62425
69297
16153
98608
29901
88535
85232
80989
35592
16090
21743
94591
93996
14016
56413
18253
24220
16841
35441
94143
71724
48144
31525
77571
99477
82924
74781
89410
81494
890
53147
57905
36366
22604
28464
81547
41301
79264
63758
30489
62236
97010
51551
80451
41271
77406
34150
25379
97965
90387
6788
52944
43278
32011
74770
71105
94327
12667
83702
97680
19560
72127
21034
97072
39385
88281
3450
97014
73386
6670
17133
24054
73575
19677
84560
54080
68099
82269
3742
28703
1824
7843
24008
71932
18688
94171
12521
98939
72223
13075
78550
17631
55724
48459
77846
31938
34610
24755
52195
49987
2790
57214
22909
49307
19663
74120
21198
65678
86031
55726
27341
71729
72029
48018
74085
78901
20899
50631
62493
26232
91384
69988
12251
48888
35327
80209
82362
82547
816
34281
5766
87583
37546
9771
74903
35786
56195
3584
11383
88162
97967
50555
13552
90186
7271
36907
43659
94611
60289
45219
13158
47612
4550
89495
54360
78105
14169
31338
93293
98217
19272
8488
70057
61820
45900
3266
86775
98117
10280
28575
96662
87946
45321
29867
42071
79379
51923
26291
93195
24925
11404
95746
12473
9395
40386
64590
75492
70554
5104
99394
27075
10975
80107
47746
95720
22656
11882
48089
96755
62225
28358
28186
5910
52306
48328
80814
47388
39238
11245
7540
21764
50390
34054
36266
54363
88593
17282
48786
74925
53795
38711
18974
57142
98869
73735
82242
93351
61233
75365
93694
99100
68442
29599
81374
19271
64481
12940
91723
47379
18154
61678
39283
84779
93190
61508
11473
50000
45864
59624
20920
18650
67416
36831
14634
62268
10799
9084
4108
38501
31725
34701
83729
63185
96860
8939
95457
63077
64442
2284
71933
55195
34405
55410
21497
59736
5576
1084
76496
79442
9371
97697
66625
89369
15963
60379
75797
76211
65185
23707
39075
25632
56975
72807
81477
29513
52629
37078
83394
7452
34212
31547
57750
85355
65781
3216
84764
60388
6405
24687
19833
29619
87798
6007
25252
26034
21104
14299
42792
37265
44653
68860
1013
78762
36465
98942
41363
90075
17556
36424
97882
81154
25882
47797
91340
21324
41520
60082
57778
10209
19952
48710
89976
73683
88850
49769
61369
45809
88702
19176
98710
88716
78248
70822
24291
91700
95102
76419
3226
26526
5114
3806
13586
23407
39524
37878
11638
3864
27198
88292
13413
59523
41126
83251
68555
48808
63503
14209
59828
17688
7982
94632
44312
38196
81248
638
21173
95302
2113
39823
40149
34490
14926
94837
51030
60246
71175
49289
19201
68630
77883
99799
72146
83262
89778
73794
18863
62661
21
93028
50239
88607
58769
16145
87071
90714
44427
3754
35431
88877
50785
24218
75255
33868
31895
88323
28202
63471
68432
20967
27180
578
41654
997
7024
19415
85631
71234
61879
36496
66108
79502
64673
7710
47523
91760
60656
13999
17187
322
53945
25916
15388
31315
78001
94838
9330
58353
16110
2037
18924
19669
16752
54065
3498
31031
61098
32130
98901
75420
82513
56649
81850
40083
55854
77301
64516
55553
50912
42449
86251
58105
89262
59352
18104
10377
27138
27245
31663
82230
37215
27240
17168
57919
77012
1339
27474
64504
15678
89619
70184
14904
89247
7912
82685
89531
41149
74444
92387
63043
43924
23564
12389
62895
92344
21290
47610
29881
27107
25475
21941
37115
45069
11321
78946
36129
8077
7805
13282
56192
93761
41832
36674
1301
79353
73449
62880
4001
89182
78020
1138
28669
70527
2923
72829
77068
80637
36270
10573
93433
48707
45850
2213
2065
34425
71292
73494
19001
8714
7472
50231
39263
27325
64261
97177
90461
78870
71585
8610
15371
43746
70173
26254
25557
38081
52318
32320
51487
85517
14155
97511
53177
30176
70118
73324
60609
20513
77060
47971
67538
49000
56416
25188
39868
18757
18867
61474
29678
55484
96866
9786
55234
51223
85725
72172
46292
94330
26708
9847
40782
39449
45998
665
32541
77367
12797
75181
42439
99601
93820
54517
22381
10420
16355
59289
4267
37641
7134
55715
91592
2141
81417
84781
57248
66770
64006
38376
45812
14090
44892
22825
29056
78718
16220
63158
78376
76506
45204
53215
12218
16476
27658
41574
50411
8557
39456
16396
26176
58526
66331
42740
7753
26468
91165
10894
77414
4931
64991
6584
87868
84195
72948
96363
74132
25763
19951
42032
77798
6164
46335
80298
94944
77966
62384
7443
59026
46960
6729
72017
939
42842
32832
77265
82313
35445
4075
87339
64184
40011
25339
98193
17764
55459
61289
75610
32722
11712
67223
1588
40103
2336
90367
45575
29073
6359
47052
39230
34261
8894
95592
84450
8946
39546
17475
33639
13838
92623
72642
17209
93123
46487
91461
31861
61756
55382
14511
18586
90447
28453
35700
54294
93660
17695
63156
42307
41777
66330
41943
37842
70141
42538
41315
92958
42463
20794
52914
74820
15899
61496
37421
31778
51770
89869
24990
11101
14821
53421
38
14612
39453
87816
95436
30102
3302
15268
48853
80024
73735
17769
61375
81985
51106
57722
40205
18554
43637
73576
53182
6043
48330
34592
5898
67000
33545
8510
26063
19185
90256
77797
21373
831
8447
1523
90265
53837
81035
77895
49230
398
82906
68199
80065
34252
44784
39931
6416
68839
89565
81863
26533
16091
62976
84973
59980
60835
99887
68688
36136
56316
7048
61330
57165
22462
78981
728
59846
44683
32142
5834
99056
43534
2081
68341
25317
31921
98566
84458
78661
73478
25858
97069
70762
81824
63705
53845
6666
79208
62544
21217
24890
71554
89113
29564
69300
46930
84472
43973
3523
82198
51281
75954
91029
44782
42067
90700
20027
93199
66675
93741
16857
25583
6768
48613
10815
48224
14397
2039
62334
75946
20720
76610
14380
24085
88625
48344
13335
77326
28201
12192
95566
6062
7513
4998
64910
60432
61022
59518
69581
71686
7672
88129
7808
95516
54570
97408
4915
7293
55391
81976
78940
15445
68357
4624
12655
64152
33170
4003
63037
54853
42542
35512
16780
49909
73423
38824
26982
1022
31403
11708
43572
95320
91439
55915
80067
93105
93408
10441
85602
63408
10545
33513
74439
78950
92432
6519
31745
60313
52030
95419
99406
31960
15763
99348
23343
33517
57423
32238
37259
29281
23104
20966
5694
2576
65666
96747
93248
77599
83671
59059
16384
80629
48357
50984
52738
43596
72878
48009
38745
56170
80400
2700
60344
8463
29055
85135
63192
99247
16318
26361
83055
15573
9393
22218
9285
7621
80905
94838
96996
43137
61758
44515
92867
66917
32971
42088
76876
28429
5791
6069
12274
26282
36348
43627
4675
84897
81315
51454
83741
75634
27119
81437
75753
1070
37915
29153
56797
84983
37903
43270
82272
24739
9940
24515
72401
66268
32329
50635
16827
71352
83555
55460
38540
38088
93825
2414
68619
49873
44476
34430
96946
98471
9955
21090
31437
61800
59275
3912
8581
3148
61080
94466
91058
26038
94588
30579
15375
1492
49224
73606
54704
81274
89201
19656
749
34654
96142
81284
45021
15175
48335
84457
83671
4951
61166
80248
90968
18252
96738
32885
79017
56469
58204
31637
45422
74000
65757
67441
45745
27868
83339
86233
37695
13867
59960
66155
10042
3009
96450
57096
14395
87028
41864
1257
90593
24540
32260
26305
82483
93002
99073
80759
3785
73894
59811
30857
19850
6289
90965
86955
12009
88132
2061
83164
94362
8781
27726
19653
42977
18528
22431
71419
48749
74889
10621
75845
34604
52467
89060
85431
52276
13857
61527
65155
5295
50313
25154
91980
61123
98593
28385
61889
55490
32760
52845
51065
80332
15926
70044
48876
26863
71488
85806
92386
18832
54706
11130
42128
43890
60814
63679
83878
75480
95100
61192
44128
52747
43973
52506
74807
15636
26738
62541
27231
51604
52000
19494
44117
82751
21012
78241
23547
16850
51832
3241
31229
65964
16297
36286
31060
17774
93132
43436
41213
70374
84150
71698
58953
25656
60754
93558
52776
83611
61514
59878
83354
83256
17025
42519
35990
93125
58556
73275
15480
42837
82699
51868
66932
76141
58329
27078
71233
62904
95853
81897
91799
41379
36407
17201
50790
77383
29526
31275
31965
95808
65605
45404
21693
65602
51786
30458
28535
40651
28868
90060
16212
48070
36555
12749
96915
96766
80105
91468
98445
44100
89750
52440
84481
96193
44269
91493
58054
40420
77244
96446
60025
62393
61314
1462
69055
18683
89449
10408
16160
68321
71120
27009
92210
65773
73521
50377
94418
44533
51969
15690
25003
8305
51539
90704
88779
26076
95622
64631
38285
84566
74181
35995
13686
23442
93744
7359
32188
95925
74974
79572
83398
49378
8637
89940
1753
12958
29536
82517
72935
60092
16361
46330
66639
90966
26679
25480
58849
32574
15871
35632
80024
26190
38645
21897
85049
94926
30118
42348
15866
2469
7255
18060
19636
82159
2255
3267
25144
32834
41875
60349
55732
5474
88108
95400
79713
54786
6779
94175
69276
73472
63598
42808
27160
22395
22478
61419
98645
29212
16822
18144
86429
76926
3749
50624
81130
88117
6633
54255
23629
95119
96249
19081
70484
75851
98373
31743
65871
6086
13809
99937
30979
14941
86072
9616
25446
70233
52005
89118
59122
973
60437
4071
57286
78169
82934
2818
14398
48516
15997
49386
82161
70125
65519
45287
24988
81856
56146
65504
55221
75737
30849
51373
8939
6877
19505
60921
87322
79319
18168
4789
9727
35003
76202
51060
71970
68029
23555
96541
59277
14334
57290
78042
82245
3671
68476
69481
72861
40203
54067
96019
27588
64786
48643
72020
65179
9660
54150
17427
55564
48369
85406
57426
30249
69474
79186
62990
99609
13781
27898
68266
44397
43411
38256
43524
20553
90989
16158
34523
81455
11431
45023
13966
87886
83922
7748
46643
24068
94143
15273
44731
67819
19814
72821
83785
53137
22901
84254
99120
91174
2947
36922
67755
85250
35896
78568
87065
41600
84706
90822
83242
67188
60059
64792
10755
58764
62624
643
46323
40377
18241
29836
96488
49137
17873
43403
13430
39689
92243
15416
88134
39418
2109
21841
69792
63221
12909
61931
70237
32784
92374
74461
60903
25197
48553
75210
43626
92989
33417
80967
62468
27403
25228
2745
94049
49885
35220
13593
83409
45007
32282
64474
85371
93959
26085
1366
68946
83820
48777
18217
54523
29204
42724
55736
34096
9202
29424
55835
15858
98397
27487
60780
33257
51497
19685
39384
15207
8042
7265
56458
74111
26412
26585
91899
8190
72315
78313
22623
10803
63308
8274
10481
87406
20083
41714
65376
34607
52995
94284
88324
98515
51470
42273
15629
12752
2819
60177
40550
19726
62429
77686
47123
3275
13210
42337
72723
48389
90791
36366
2982
7237
41206
81305
33359
17679
34570
23640
93582
56294
64092
13142
30668
66634
2642
25162
63283
77685
24919
92858
29089
87835
67449
84357
76507
36392
27227
24759
11467
83995
29584
55761
93706
35607
85114
12173
53387
98455
34035
64883
75681
601
98438
28055
67356
42899
98058
48656
198
13866
83423
19695
2266
56248
5000
38512
626
9111
52146
55276
26295
79425
79268
31778
6813
61077
32712
91334
59463
41124
95662
5594
71267
762
10690
8751
56557
51940
77071
48576
2970
88289
92157
14450
12723
73467
7500
1996
5230
61163
5035
34799
68205
60590
57424
87014
41214
34082
79013
67889
74586
52632
60691
36902
76864
11302
87954
60375
56348
95675
42515
49705
30557
82811
30198
80223
56365
8890
91329
37696
47700
53967
79806
96643
29423
28705
54342
75125
45747
3332
80334
27045
2020
91823
93527
45620
26426
70767
32026
21021
77628
90296
30750
15414
45757
56256
44915
89933
29024
8686
94741
72821
90089
686
59263
19630
81779
9296
24553
38496
91179
74606
53405
5997
73802
69937
99415
41063
59061
38202
72144
37143
35300
4985
53118
82956
87523
74484
10162
75677
99347
85790
95695
58122
83744
24538
16260
41266
31283
16702
77043
60866
71009
83512
3610
28486
61632
21736
16533
81144
55034
89692
44018
65391
30866
30767
38582
37342
95255
18403
58933
3316
57425
78483
91955
21856
53903
48340
71642
19448
17032
79161
83444
84591
80743
51835
89296
36788
70877
78152
49492
22157
97791
22096
6040
60674
82045
76717
63836
32273
13121
62237
61871
72195
77167
2314
39689
29115
65471
83295
24528
81933
5272
8874
51207
94282
15110
90461
82204
96879
21796
66600
37448
72176
76087
2568
31366
42476
64064
8732
33106
21645
72688
36305
71270
51228
54526
89250
43349
67742
61485
54532
52767
92858
44231
26991
6565
26241
76657
29782
19454
51477
27035
3126
17991
5982
57087
29730
4464
1825
51654
93711
11396
4921
98815
74640
58222
14840
68328
69071
76143
75179
47130
4541
46241
10916
54157
73315
69986
35896
86598
50509
7603
41881
43162
78862
74198
55240
72308
20266
63333
3716
8405
32817
17938
19823
22432
84364
11785
66428
26484
63314
45237
98498
33978
6509
37594
84261
55414
45301
60035
31083
28651
20676
23733
81055
31764
88232
90904
74363
92613
5389
88316
68410
59006
45881
74960
32113
12526
98490
72468
26434
39697
17680
98109
76423
33144
22754
65991
23120
37688
12131
62676
92814
35676
37911
60907
51511
71473
37735
94406
55597
94028
95156
52927
94959
21475
51723
95889
56857
4324
34568
74916
38231
73216
41532
71804
60536
41384
80638
74654
12040
52066
10308
77966
8536
21132
3229
48393
84777
31407
52985
45872
43392
31855
36184
28585
97177
33231
92907
48054
50548
29621
80633
70921
82310
53541
35617
36872
98714
83596
88046
49094
23958
61857
55371
97355
9619
64430
72031
58687
18935
13361
39297
9077
21877
3597
76674
52920
36039
71217
48159
93671
32355
24021
8877
12161
75795
64498
8809
67841
12713
65032
80595
48048
59181
21758
1628
96960
14953
49502
42319
36405
17572
20924
77576
37743
98349
77092
91747
52086
10392
85199
16895
17075
94330
11986
32752
46265
49391
54768
98031
91618
91873
23166
59456
33945
33373
92528
71747
25320
30306
79105
9284
90183
56119
92811
91576
90995
20677
21610
59461
56978
57812
37386
23653
20425
78227
28854
26965
74649
94577
33306
8685
41392
17421
28022
92942
15143
93624
46335
34305
2683
7774
48281
40684
67714
74454
87968
2194
94201
46062
95529
77738
33677
55820
19796
19199
71696
66070
96679
56988
89998
25428
60396
7691
71686
47186
21423
60417
98685
15543
50781
13284
96782
50443
64219
2223
30001
63752
26269
86198
37355
70989
88710
45624
86594
45320
81396
59409
53733
71997
54341
85216
73440
3725
36856
25869
20865
51440
64474
84149
41204
6027
66364
60471
16902
93757
52993
73322
32159
62942
43289
85805
9673
44802
57583
45572
80394
57906
94105
47677
56139
22928
57080
93867
30768
54052
40766
50365
7159
63384
2786
69888
49363
51491
43818
65064
21651
20524
92431
41983
2068
84340
59800
7764
48529
76152
89091
48876
97100
64804
35781
25172
89147
11208
34867
30776
77717
94959
86698
2665
82389
39255
41510
43503
7413
6334
86951
2581
19127
57978
92286
1102
27407
89149
54605
77745
71968
41391
4727
72411
71253
771
1860
94826
10796
28782
81902
81168
52693
17129
2473
20543
32521
16445
67904
55022
91797
46355
14180
12029
22729
97646
26800
24801
7777
37210
96873
59126
15665
15808
23804
92429
70782
52418
81588
86664
9649
43901
55607
89366
24856
70039
39050
61238
14108
58881
76645
6368
44378
37550
38292
45363
51902
20375
83306
80149
55978
10468
92033
33604
2444
64895
22824
27427
62739
47531
45889
62268
26898
93704
77261
98788
51825
51941
30806
87223
41277
55971
44411
60776
95322
70729
35474
12198
27026
79999
83517
65429
13433
45973
34220
57580
47646
97123
28712
44970
50565
79150
33601
37982
14667
52448
4099
23159
44646
85785
15740
93147
80978
51528
9987
56668
87485
46420
24026
97648
30625
16727
37742
66538
25001
99592
6715
78079
90010
95795
39283
96542
81748
66565
45128
55159
68908
6793
30340
37462
38740
10220
98417
84520
69442
8191
62866
34926
59133
74412
25376
92543
98866
99543
10211
98932
3892
65993
27985
7423
93220
37658
26955
35973
8223
81394
93097
8181
25121
72474
92534
30535
84159
61110
76553
31836
13394
94376
33558
49659
26783
78997
25062
70282
65277
326
95278
78524
87875
10770
45313
90582
78764
28296
335
77928
2759
80781
44603
86771
77364
1632
88181
33992
82272
59114
66063
78651
68189
71536
9434
58589
99001
60973
8716
9448
27545
94030
1591
84750
69570
61902
7192
59523
77818
15656
91960
66164
29599
21141
90965
474
31182
93791
60758
99575
18976
71501
52339
30886
84693
32741
16268
71152
32379
18843
61663
28314
53965
83243
75047
50643
39363
90032
28497
65327
14198
79170
96258
4422
54508
5198
81408
52009
90044
41228
47897
5070
24934
26272
95325
31178
13057
12991
49299
7454
34440
93822
74807
6677
1191
86120
33870
71756
17121
14730
1223
98596
46003
10603
45945
5433
39201
7644
49032
70712
18828
30128
72352
9974
70429
85727
30233
56575
78052
11010
90359
71417
53953
38309
67469
43579
53593
85347
98874
69685
84285
5813
5735
69324
75058
53936
65788
11388
47993
46610
21016
29746
39601
48530
14440
78768
46669
98359
3282
50919
47652
7020
20366
81152
44802
2174
65344
50023
39993
37155
5278
16278
8783
64300
16248
79835
78979
94723
37679
54329
51701
5034
45293
77947
39556
4202
36590
47173
16157
76719
78456
73452
95071
22723
69002
94013
96785
10532
75994
92998
82487
85747
78260
55628
28669
12627
23202
37329
83277
77398
50561
7826
42881
1999
95733
16784
42959
29361
70845
53775
89487
37368
64981
81793
43625
90095
3797
35186
72893
97132
56652
84296
71811
28324
54922
89359
99429
24552
44200
42000
14180
33992
5581
79308
53105
1083
89193
2708
58459
98344
58874
84692
84418
78790
79526
83854
15679
53321
66410
52625
37027
58350
53000
37553
66639
8182
39500
1425
35887
24946
88006
95280
90387
50555
93160
28915
90609
10461
29462
52920
43785
17235
34455
3438
26924
49454
62254
18106
7473
43592
88233
59391
39117
70997
19566
82692
98578
26152
86737
53758
49874
54424
44478
54167
41565
28566
96284
13492
49546
4890
66681
32536
13963
30048
64977
74946
53039
19395
37921
68682
49443
72180
68590
37349
66528
15089
27511
56251
8271
59320
59953
26485
92184
75827
43714
58301
41427
71103
51798
42089
65503
16363
8874
19695
84028
88599
98123
98730
51973
96932
24813
61867
33753
79072
64169
67809
56197
18815
70226
26761
66665
95618
61228
5174
66224
95967
83727
32864
62142
42047
65595
71775
47360
11848
31053
49655
54640
60762
1246
60816
63278
10368
54123
23173
21014
84803
82761
86931
33993
15101
72184
51137
46533
63437
15444
35457
80333
79525
68370
26783
44200
1387
85962
41573
46363
43930
79619
34882
93755
10084
35556
97696
85719
92612
44340
83438
9208
65804
91461
56584
71977
63436
20870
1161
49220
23823
79689
71188
37540
88736
90007
45461
48691
30297
22958
7935
43955
99623
28980
47077
73511
28045
18167
16905
23090
82867
87059
57054
99390
41086
91223
54158
10997
49341
29228
83978
55943
56100
10273
52576
72395
66561
59022
63453
51598
75863
69771
80640
17533
14698
21203
41012
7618
27632
90602
72204
64560
31417
25846
3028
21511
98347
43119
77867
41586
92818
61011
65302
52381
48336
76366
32353
97535
23639
15245
69938
44974
86329
98102
32805
87157
38382
8020
96107
38627
11202
29558
45927
73656
64058
66040
93438
19890
39013
90950
37981
55410
97227
40441
48477
66175
93509
74317
18295
61601
6124
31573
14091
96697
70627
34139
11211
34498
25452
86567
38368
39537
31554
67621
91498
5983
54541
42886
22423
35510
40955
12703
77442
79040
25085
15737
1517
76673
33282
2043
63194
49241
76666
21799
5657
45081
73641
92700
49683
61179
87693
27607
30966
74202
99619
59978
37041
23468
61307
76610
52509
86017
53097
62182
55159
9061
90884
60997
84561
77496
74604
70899
62267
2703
44067
77448
98149
65475
68213
27780
60839
98008
64774
50776
53748
29622
14042
60529
8525
12943
27951
69243
20105
26800
10118
37142
58054
25509
56021
11353
24156
39128
26184
89713
47299
64591
53879
632
69961
51680
10203
6146
22622
75078
77243
45332
27269
79257
96587
3740
73263
13637
33471
52953
36437
259
46690
56184
19723
1677
76523
29956
94425
17285
32226
21729
93060
44368
39175
22427
54353
17892
20566
61206
86808
5174
26026
71307
35918
30981
88003
22687
39260
60042
90665
81485
76584
3084
95629
99987
26558
60945
64421
27122
82999
8921
63273
20639
85070
14652
89487
88459
51923
8632
12054
73531
43071
52655
15866
39381
42203
91435
94387
9735
70843
62761
90688
77941
33582
52835
64791
21247
6653
4246
9785
38959
94670
96727
59347
36728
13336
22366
4400
75830
85979
29848
20680
43444
31386
2046
61884
15003
86656
69914
21022
99962
19998
68941
10447
67696
61847
29665
96272
91102
63432
69508
72499
84964
29287
14906
68515
78528
63850
68662
33519
49270
78502
63828
33594
51014
99932
9853
91049
40641
60910
45342
16304
58326
64108
5384
30426
19224
2450
69048
51075
19126
19075
92716
23419
77425
15279
77342
28388
94609
3703
39593
25716
92608
17989
30132
1594
17988
78454
36930
4481
52404
45590
75271
18422
44736
21799
47201
4371
12602
80241
15589
39607
15774
19921
38468
18978
27305
35688
38303
7435
57870
46923
58891
62173
86662
10749
32008
21466
14763
24747
23287
9450
6496
55205
33466
97626
10492
20925
6735
45987
12323
57552
37705
97954
35244
54161
88184
83082
59710
83059
31099
23754
2826
17731
75990
20647
22930
81594
2284
72289
90324
86654
49676
47579
72470
79956
15869
51275
37700
86376
14505
46615
84681
84923
94357
47712
26442
43337
99971
96278
13954
88403
34045
27766
37714
17690
60282
76486
83774
37519
66046
55013
23012
17009
11423
36121
76491
43184
79470
36618
86735
35117
25475
34148
48339
54705
61233
61795
851
85842
1905
23414
51912
42693
99887
76020
38525
16177
43944
2088
72267
35397
41514
68862
76844
14502
74421
48236
55780
66734
16908
69201
90479
81397
68604
30544
22417
18083
10356
13753
82256
84457
40236
36108
48013
92525
58151
68302
31844
86362
1910
93472
3689
80010
72163
45211
27460
69075
74457
21591
94493
71563
74872
97099
43458
66858
9050
91225
51549
35761
15252
35340
96252
41299
38598
21407
53562
73165
38721
92479
49400
24526
43679
22306
14171
82566
55655
16756
18148
27057
17250
77035
98112
72285
74126
32974
67008
14905
67511
57353
81841
41266
84557
48799
28426
25718
84612
80311
52319
85476
94638
45712
71299
83724
58879
92935
77447
2833
80504
59891
2253
26733
29795
22594
34167
93642
6289
15280
71157
57930
81244
37683
32760
34539
66193
40558
94400
16967
34903
19562
47454
71959
66042
47302
53382
28174
66389
1009
68856
54888
2651
65416
93163
49638
75900
75608
35702
61169
54453
54379
31561
41236
70280
72346
76964
45864
51052
16541
36365
53770
60550
61182
17858
23896
24749
29911
80051
95095
87561
93167
43631
87143
98345
84279
92036
41385
7810
57028
72212
6539
61316
77736
1381
69700
64898
52976
4132
90374
56628
44247
27971
52279
75968
21313
96379
2697
9448
401
2393
45198
76717
52579
42529
93935
4255
63835
1563
16476
88559
78118
34480
98806
26288
38008
75196
39487
41090
84465
85635
27032
5682
92216
4846
5259
20120
91296
35170
93687
56771
85920
73333
13763
75171
21031
21191
4177
55712
36408
69367
47344
8039
73677
59376
13714
53157
37901
55102
71135
46400
20023
120
42378
33811
64325
55239
82605
9391
29362
68469
11533
67895
41657
33614
86917
93619
97673
46011
88729
1410
59250
395
22522
24214
87150
62213
12149
32941
53182
75312
21502
5882
5550
19499
23215
97007
95919
7424
1024
4385
83057
97592
90356
14146
43236
37179
263
94077
873
51429
23436
43507
13849
67565
27049
13504
60313
89152
42716
2917
12473
4826
92887
25804
46034
87495
95485
18747
75347
97812
44732
21947
68608
1286
28336
81024
11399
92519
80580
77339
87364
12585
25206
64449
68682
98901
50150
25202
89649
61762
67200
28620
927
39106
73941
91487
875
58092
17518
1776
31695
76280
1034
46239
85324
91148
61016
8941
79550
34822
94137
28012
17009
91591
10970
29434
55756
60464
83072
7239
82821
32632
72329
92916
7192
48033
9256
67405
90468
34684
95449
99400
12375
28113
60444
4179
78558
47355
17123
53208
72097
9492
96812
5768
5241
93908
70663
87657
7996
50610
77701
52057
38784
35475
85028
47343
41839
42384
26830
73968
88504
6565
28357
85082
51077
35863
78512
3056
33759
35283
35162
47053
61619
45448
18004
69881
67575
62188
53761
79466
39236
28159
14963
11431
93337
57220
43651
58603
25776
34486
52677
24022
60095
62053
31378
89258
93453
74874
78553
93981
54751
96930
60117
51890
26918
20547
26392
33963
43343
32625
99236
24600
91340
3752
72511
65723
71458
88127
26148
29026
66296
52179
44132
77793
51154
64246
66256
66876
57143
64232
38404
20651
25752
62065
55240
31976
13283
71265
24513
90961
37571
93548
70795
13605
67242
2803
45878
73334
99465
25064
67843
17925
98501
91231
97036
49183
4109
81958
56907
7239
11724
25024
14264
81345
97188
34424
19479
97125
81888
37161
68810
77987
1484
17969
54009
60205
12742
95544
19469
35326
91395
79998
4711
46105
1092
1457
58577
66786
13574
79460
53660
50299
77138
58981
54982
43792
46226
60262
1182
30982
93971
17664
54398
583
65950
77859
54947
22546
6854
28877
53431
43613
97552
6790
71232
9688
75381
76852
1003
4841
81739
35971
61899
72796
77562
22813
8611
96987
62513
57764
90165
93050
55651
72762
40544
9253
64800
39250
85746
46177
8673
61987
76526
21335
25408
91859
82314
50188
93316
61765
10419
78284
74192
73420
46812
26204
52368
36594
75900
18733
74283
12774
24570
71732
15286
32864
38358
47571
9089
1349
47218
13278
84503
51112
39569
7286
68512
59185
75957
85672
9083
70860
14607
62494
16791
38739
9667
7044
96657
13117
73331
75369
65084
90097
80273
48741
94082
34423
41202
65905
3264
90988
3319
46703
27130
22344
94029
7645
27690
51919
78529
7650
94104
56004
68974
32840
29561
60258
94179
32054
61913
72780
70407
29239
84570
89040
64389
32982
48497
43057
43822
5389
51964
52713
81784
98929
88851
31553
29205
424
22415
70093
3177
19542
91523
33788
33279
34734
54818
12978
35791
67192
52096
74269
47245
24684
3649
93328
37653
3045
4712
75631
836
96321
29792
82324
13180
47149
6621
90308
10624
60264
74431
23958
43849
9671
99814
7007
97402
69490
754
67521
70849
85959
51457
51246
80226
73779
80672
88490
3308
27557
76353
77444
87490
88327
31169
63203
69099
13691
7360
55806
2770
90844
39413
42774
74152
53271
1365
98690
40853
41472
69583
90784
15474
84296
68677
8697
79871
21544
67605
28349
57063
50300
96215
25653
57652
48030
15883
46069
63032
62421
33658
93005
53514
36436
70268
73465
54947
56926
82903
53610
19510
28399
33157
87076
61809
24783
24411
96670
41528
26638
85702
90021
52513
273
61709
59398
95382
84896
78451
48427
48247
8441
91726
59556
54219
30092
24020
52890
82357
82746
3883
33153
33147
50752
95296
40928
12672
42436
94133
97624
77822
4615
17382
55322
10634
73763
83178
81447
3690
50328
80026
73886
39008
76448
91288
29392
16283
60661
86265
95746
76581
11805
17731
50442
74565
14612
63502
32156
17691
90159
32641
17044
65112
39958
12210
66018
33244
29095
47551
46566
20290
98906
67371
13316
18407
619
83477
23231
3262
19710
13187
63352
83092
77529
41364
50162
94306
70743
94667
17836
68072
28846
2109
95258
2113
58872
16425
14597
8999
72720
54895
43762
58982
8560
17972
86428
6635
57261
82652
95388
9124
16932
49828
22936
59579
142
48976
42952
55536
31231
90100
51304
78242
27852
36499
10438
53133
92469
50794
67019
27674
65480
28296
85928
89192
85070
33983
37293
87297
80297
32415
26265
23821
21283
95568
41758
45218
406
14497
35068
18142
23614
64024
48145
48369
36889
57087
65962
23659
76726
34144
98352
12072
44620
62429
82357
7883
46919
75833
90789
71764
49829
85919
99972
28281
74459
83642
74338
89482
62082
83772
75435
37148
54407
5002
24711
94171
7386
16432
25086
88073
86728
79394
70842
58880
68788
69841
85318
14093
78733
33622
92140
25305
92935
51154
58284
70746
45847
8747
96156
7268
63165
82760
2476
25873
16565
86107
80091
5572
74389
91226
79224
29894
9165
17724
88342
29853
31931
25723
36772
31846
31490
80558
22197
63556
43922
63087
29387
60030
67509
12470
81177
63038
77728
83966
26355
25854
11464
15910
30989
16564
51403
73290
52785
25521
58
44790
40992
73740
74173
66943
63702
65432
83720
91022
90642
50017
92256
93637
48213
72744
27212
64193
25552
54351
2146
86077
23822
58887
67490
22912
62110
90567
49917
64704
86511
22149
60431
57636
97070
13441
96927
96726
75336
80881
99148
52579
59213
92622
23618
8190
97951
85460
2806
63435
38672
42960
7039
73565
91527
72820
21740
30202
26869
80005
19280
3972
14825
25203
57280
65260
31202
55832
6185
97991
68286
10491
7766
34935
56186
10273
95796
81061
8003
30251
90678
76101
48907
1500
20609
57445
9524
66885
29506
79925
79884
61046
65495
87628
57232
80569
34072
67528
85363
17476
34461
72188
65267
82306
50440
5034
24512
43930
9712
48361
52805
41751
61957
64208
3804
13129
86452
65638
84362
76977
52076
32737
68422
10694
16297
21553
57155
42506
58485
10033
75824
20411
53993
38777
66248
75234
60902
40899
89493
2731
96894
61783
73031
47092
13533
86383
58509
76529
62977
53282
16027
64177
70838
350
33039
85665
70785
94738
89887
86507
23737
94066
47145
36526
48036
28902
98453
75402
15371
81638
97902
69856
56348
73173
79332
92836
36205
38805
38288
80390
29088
33156
84304
30558
60351
50357
90336
36707
6528
58412
38486
60768
50906
89964
68511
38489
98499
60707
7354
72392
59081
34750
66992
88668
63359
30442
52261
98980
98402
34818
26371
46060
88558
69366
35347
88745
95077
3477
29439
34792
32931
59278
57518
26509
31943
48072
49358
73189
97012
76761
81758
94289
63805
46329
874
72587
48338
91643
68338
69408
73920
81734
2883
14761
75759
92361
6332
29864
99909
31331
69831
42038
68802
435
15303
48691
95637
70109
26806
34836
66136
91098
903
14403
63557
25256
79001
2693
43897
38853
92218
18176
21078
1744
18404
82163
53802
97410
63591
25439
88075
46360
83009
66273
75760
48126
49376
63906
89773
79004
93820
33118
22488
26205
29444
80369
16794
22002
74199
46673
18465
61941
11915
24719
95884
9587
33567
61739
98541
30711
52373
44153
93710
75789
53658
44807
73595
35578
63552
17879
88294
51586
85681
60836
11877
48354
1631
85662
49871
33740
94621
1375
44373
42700
20248
87187
39229
9188
82374
83872
58402
54178
69760
19728
91620
58771
52984
35106
42560
96014
22531
78696
87333
83703
3008
50372
41085
74161
10813
28349
33417
14381
32576
55549
85133
17809
9480
69230
73618
98294
84525
31413
54957
16965
32999
50305
72671
72350
35699
73965
9195
58719
32513
76648
60596
21678
4518
37020
45886
30510
71483
99926
45064
24121
25825
76297
72542
26056
61819
98285
29712
52917
15219
80965
85193
6079
70685
10186
29576
94575
72075
82992
72936
23834
31982
31792
78069
72540
86170
9452
84901
83810
92166
46509
56770
825
19962
3815
54683
5567
73937
63085
89766
63331
33968
37707
17431
87691
74707
3008
12203
36283
46197
49416
22311
13600
36765
60887
11408
23122
94706
24878
43568
2207
3031
23816
35813
13529
58462
31179
31754
4229
24733
27754
2573
60381
24842
71591
12073
51093
96823
99251
80839
46423
64204
86446
82580
13020
35471
86951
73230
66260
98048
3105
9490
2563
91802
39579
23769
59698
99167
36524
42605
53238
39092
34693
27474
91192
88863
23667
13333
79890
84435
22801
62097
1056
8170
67572
89523
19695
35191
6032
77241
21137
20054
16366
95423
2203
82630
77046
64927
87440
17176
54540
79961
54024
99944
2989
15948
30247
98817
9762
1956
78455
84763
75908
16139
79661
88402
48801
29022
90227
12968
78077
53628
3971
99867
4547
53058
86423
54222
71909
75465
89521
77813
18166
58149
83920
66647
80356
77705
98433
73489
5149
48656
46011
40261
14649
65428
20333
75386
60468
90690
16385
42682
53438
40925
5120
53017
50173
43615
34760
22489
15098
44423
97245
49519
55336
61730
42218
53529
64576
11212
17530
18173
169
17974
53900
14467
9520
60493
78062
95953
57852
94070
4454
34656
30530
41415
85425
47083
48200
51318
1149
15966
17122
55919
41723
16815
30440
51279
6768
48258
38023
97443
70931
37359
58046
18413
5241
13685
15035
16157
57726
91296
19407
78837
57507
82920
9236
67643
92747
66657
65196
31786
79525
86455
9896
94797
18065
24358
29503
23992
52996
70531
92631
51465
43041
52150
72707
78568
72910
87049
32020
49898
77803
58160
4558
36856
80082
70395
7659
48610
48736
51331
22516
70553
45536
89109
46339
65986
68287
98762
44993
43351
94929
89543
93169
19189
87454
87338
21070
61800
98158
26641
55753
5876
14300
87945
42629
70449
33254
84937
16878
74265
84584
91807
77296
17277
39749
22437
58989
64080
74266
88199
71671
62817
86451
2747
53678
62635
62990
76651
80462
84606
16471
61012
64444
66216
53506
7141
24014
41593
84617
81724
9183
40942
40449
86802
86330
60766
11312
3061
91396
93672
45661
69887
30290
74070
77844
88777
92835
49463
6962
48613
68614
40630
50996
53952
89415
30945
70993
20573
44326
22608
23436
69065
79671
65769
85700
14254
12026
25596
24242
72287
8351
38740
86456
32246
11965
69381
30265
18693
6796
28691
70498
55627
10287
34832
23386
40923
68815
5033
22660
86617
23118
86972
63461
93840
21150
661
4748
51436
24313
83690
31481
92885
47655
11400
35154
95982
32137
15300
46974
34944
97201
28823
92946
95942
65229
28314
76308
21656
17543
46288
49681
17195
28360
74718
1257
69697
73514
29323
80854
92137
73433
11166
71256
65511
96635
7865
34971
74088
16286
86070
47319
13484
53971
14854
86694
19344
67933
25741
57781
73813
75218
20265
4067
38348
38967
37058
61177
24697
7091
1014
71424
7362
50884
92873
316
28971
55754
31017
22751
87600
98314
22180
49761
53050
97555
29142
43550
51963
3974
84176
39697
55477
38842
77754
96443
8665
91099
28025
42435
62602
13432
55289
34123
16050
69432
71965
83786
80194
62831
91617
27974
12516
21738
37206
19734
97570
75027
72251
30413
99510
83454
72962
60565
90700
54256
57150
21357
10608
14370
49694
75107
8661
568
66486
57595
26091
76271
84349
70590
21990
6274
37516
85966
28735
76418
72000
38433
99353
6088
24882
66268
8608
61140
90703
83936
48825
8972
97682
90437
96629
30658
10487
33913
33538
4177
69800
16190
6776
85523
45795
91870
26239
24833
92907
285
59576
88605
80554
39995
51121
19719
34603
6146
13081
48626
94763
61681
15397
93902
40236
76076
26838
60766
59117
75534
81582
32875
83236
7845
94746
3431
58331
79360
70995
66339
4655
26842
20619
94679
94368
65356
38151
19317
11904
64098
6974
79600
24004
73922
34321
56638
80453
45160
93955
70457
79528
41804
66911
53619
50700
11333
58960
95039
77166
84961
56514
26761
52217
52481
68488
6556
13504
20546
79556
13485
83770
10498
32095
19247
88663
45790
66559
58133
62525
50317
79827
73526
96165
14397
15542
98085
11369
649
9013
93606
80907
67067
14710
7675
81607
69043
77685
96580
79596
22226
77429
53107
37052
71852
4395
88496
39289
11820
87732
21550
65342
61144
67760
41698
44393
71325
23135
76745
13004
35471
25233
32189
73893
56396
31908
84847
36863
84716
54534
74313
83590
26321
62496
63298
9266
88068
22223
30938
73041
83506
33877
64244
91351
20732
32782
26354
35836
54149
41580
88569
15430
15319
82453
8394
12943
34417
89444
64849
80773
9700
60382
27305
81629
64427
31028
65378
47039
56641
53722
8358
54592
13734
82818
81005
62938
47380
65764
65967
1610
15522
66989
78684
14922
58883
13950
79926
9899
52189
77222
59358
42464
26135
13035
36859
84904
93748
75872
18809
56898
96230
47076
67478
99312
71346
47093
39685
36765
28878
10751
33301
42642
31320
3090
45127
14034
71029
86094
37825
82406
72142
93383
10984
74271
58275
9311
95281
80901
55646
19602
69756
73539
43909
67255
87301
71977
73307
25433
96517
2147
40066
29839
57729
59888
66689
10398
51654
44567
93744
42658
32875
91241
96606
68323
40000
6119
86539
58440
78846
34919
37782
94613
65191
34116
39370
98070
46621
10158
54864
3390
13996
44056
52471
89108
54437
87098
23550
83861
34679
22029
33238
90875
7985
16548
8033
35842
23270
66765
52283
24238
40329
92745
95696
98630
97083
6181
38706
8978
68346
27272
9903
59208
14740
95803
73556
7227
29676
67565
36534
92091
58357
3540
96403
47574
49631
30631
85544
47745
52923
80563
73903
64670
47976
57850
67890
45061
17367
72199
65447
93107
66399
13224
81131
53507
63840
4059
42328
33780
70928
68946
57093
56857
49174
96744
80472
12987
71085
44795
29823
37827
94047
78824
19177
85948
89792
91520
28982
32106
25696
99632
97621
67714
25541
57092
82696
26929
93255
57178
26558
74945
85648
15739
34384
15012
49476
70682
39287
5676
14059
1819
26501
25042
43331
90485
70613
58557
21405
45013
26560
22720
42406
69164
97448
95727
75786
3491
58278
14041
44955
4870
122
50670
72662
2448
61582
3653
50831
80009
45041
88389
5865
12461
44790
48804
15572
58194
19773
48466
6768
76991
39382
55838
91560
42197
9519
13589
60749
51672
72634
76169
13698
41413
71093
21322
48571
67421
3700
97475
99923
13028
28126
88248
24258
59286
82452
96093
73249
70866
39140
64274
7809
9691
43579
63251
77288
20810
69666
35190
63758
23662
64197
71760
15805
17158
99358
66739
86449
84468
41964
20060
42861
48320
42201
16679
3981
95601
94714
59048
4844
1445
67222
68068
28798
94988
41507
97146
89232
77420
62503
72714
96683
80189
48260
58198
42481
90495
25548
9606
19931
88112
99079
56826
57654
40348
12622
41268
15625
85398
84653
43200
48148
55947
34190
87906
82374
24628
64335
74921
76841
14238
11229
14471
97168
28502
24619
19428
51642
89009
66945
87492
25135
97513
94191
96531
73101
2868
78253
20119
52891
80070
42013
91566
45727
42242
64255
3947
22110
69612
49697
11131
26255
46442
28667
89933
84356
40734
16319
56507
3625
14943
25218
31147
78459
89249
20418
40824
16826
36304
31606
17769
79737
79107
81111
99070
86922
84652
26004
77464
45256
75281
90539
54301
86545
41949
42378
26613
9686
44986
94626
82799
77668
50584
35753
36459
57428
29403
62416
55841
5126
88184
22268
72238
20124
59208
45316
9829
12282
24170
34372
85028
53490
706
94734
81149
84813
2826
96002
9117
87891
79266
84602
37538
90896
62879
10696
28636
56370
13961
27098
91315
50243
28399
59863
11286
75542
88511
17525
15727
89455
86002
50369
41310
76071
12905
68459
52326
47584
72996
93475
33186
73236
87704
46878
32361
93956
32337
38106
48167
73628
66352
96703
36921
11693
28234
12438
54900
34725
67233
84023
25618
66652
90064
57447
95369
47202
19823
76237
16917
25305
82602
69784
16004
4745
30346
56505
52309
76787
71577
28281
19431
2817
77834
53182
36706
75215
6245
21787
78430
89068
75234
43672
18509
59808
46806
63457
38232
35420
75059
35059
75128
42938
80924
76059
42141
98213
56040
36169
28196
26043
74974
46498
95739
13429
56442
1339
40953
78309
35934
72315
89000
30836
15584
46205
24573
22064
33952
96193
87840
1285
93676
73401
83649
5616
59377
12901
43372
19316
54478
81419
59434
37288
64565
712
90304
12800
28569
1839
7829
72222
45830
51502
55350
13221
49660
20565
68146
90553
17054
27064
67393
21163
78442
35861
71145
15024
79940
98033
92148
57830
45379
16831
88066
7030
28354
33459
10176
68364
76926
71418
16599
27767
89949
63266
81128
45392
46690
34504
40590
81047
52113
66275
46508
77148
3520
4687
85001
45322
70264
53838
15404
96650
42013
33211
13757
19264
32505
69654
33265
13327
77457
73558
31329
41568
44370
47011
32367
17162
27446
93850
38484
95268
34159
94760
15704
27508
17617
58325
2292
65005
63365
33763
72191
51933
47691
18507
18383
96168
56893
45039
46486
11281
3745
44845
60193
8229
23660
62430
24404
20486
19432
66572
19418
54787
26855
5730
50964
59581
7170
59376
23178
97545
99683
79592
42984
33634
12042
90839
927
60626
14648
945
40247
48964
79346
68551
87009
36066
83254
1382
37537
68761
40569
78543
10400
80215
7766
62085
39993
57656
94267
14113
91649
24371
69800
38167
67779
52307
50454
64681
46709
42540
44444
43275
98961
95973
50117
2085
90577
53561
41293
31542
75797
19054
3552
5261
36298
75300
81989
78294
6766
41423
97282
90296
32508
78183
63865
27874
17287
72089
95730
4297
87866
54463
74700
98026
95865
55829
27972
66347
48786
53794
73664
32809
50229
14716
62472
24167
47231
68048
47214
69482
52723
77135
65701
36129
54665
18259
90871
85973
48458
24135
58423
90594
56959
28313
67099
95731
32085
40719
66456
69164
34965
52117
91199
95720
47256
12158
90016
64143
25585
96756
72501
6050
44431
39196
96848
14732
43533
44712
80917
25426
10726
49335
80221
28934
48473
93419
11325
3132
52528
52442
94559
69226
31179
90383
75655
46231
12677
29246
83984
67320
80774
84282
10319
55678
30770
7355
18755
65831
91963
39088
43661
51815
61883
25736
22259
87956
8904
17697
32001
81354
960
10074
58956
72788
31766
28935
71407
83347
13173
78292
38046
40983
85334
72893
87874
93709
36839
53390
10897
76894
4905
61293
66217
82508
56644
70806
75096
54342
35402
45116
47854
53958
2644
31899
23644
3226
33962
30988
9451
59484
39675
55618
87273
11715
9188
14931
77763
29733
42476
36604
2920
45433
58620
20824
91915
15482
1015
11410
6175
87578
26026
13488
85199
96907
42250
23697
9091
17874
37815
76108
79460
74768
4445
36993
61395
94401
28662
69379
74318
11813
94666
82219
48205
13903
94613
71490
90257
72129
49270
71837
33627
81349
33418
71955
91001
48309
84180
63636
27128
33750
32057
50462
94910
97226
36114
84924
20851
92308
24496
65154
62845
38685
57289
56585
42075
47520
16302
56435
55386
76878
89146
41093
52990
61253
58376
13351
37990
92936
90980
43796
30477
77393
90318
58028
15421
71004
46279
6835
3831
67134
10915
68247
14866
12622
4371
77843
20503
70673
64586
95279
2129
38514
43120
57393
83335
61484
5090
78949
60931
82516
69642
14273
28848
7088
10255
10112
24588
48917
24127
35021
23595
15058
66333
97262
58645
32545
38073
20762
36837
80560
85093
93600
56922
52216
47082
87205
50094
35760
92256
43570
36705
65332
23727
68923
6731
16147
82377
62181
84974
76934
64584
83218
36469
61090
60692
20278
84378
354
99688
19576
92719
70219
98899
13790
24638
20296
63170
35549
98347
66768
12847
90636
42581
28179
57664
20644
79657
96069
13585
58891
39723
55483
37945
17695
46912
73329
34370
97373
85305
18277
6447
81886
51209
61590
91132
76409
22215
31503
6674
23510
68217
92107
41190
64013
10939
50762
58019
64681
70350
5419
41521
95722
588
94416
43812
662
49220
86487
38548
71888
15234
33192
44683
19432
57892
50477
1026
53712
22741
95497
11646
30222
71224
9746
60078
70918
20528
28031
63189
24382
64882
63909
61504
70858
97323
41148
67049
25628
57437
59558
77803
34102
36321
62667
96813
25639
57103
68345
93269
36249
81719
59122
33106
85037
37388
21110
41613
55641
63707
79965
17806
89390
52240
10483
40385
87267
97782
63208
47802
99929
50399
28739
68830
18607
83078
57846
28524
97474
94192
62376
59161
57942
32310
47932
5048
89892
93125
306
12448
58624
80412
29559
99081
34817
54560
24350
99905
59602
24116
41696
75082
42814
87620
10459
47364
26863
54986
58311
29949
44597
85218
24164
61743
17064
78747
65105
50122
82452
53382
31254
48852
61303
83986
61436
71267
14450
82577
92495
44524
85793
5183
92827
82604
60852
18212
69848
39878
42423
60300
6978
66904
33158
26503
92521
39447
7666
52027
30998
54682
60452
13271
34936
81834
30632
76693
24989
58096
14066
79922
41426
98959
67159
61580
27956
25923
95261
43275
99677
15262
77495
75752
97260
40614
16355
71818
73366
80597
82911
71384
67800
63204
86919
14898
70944
13494
87122
482
92278
4043
54201
39151
36460
41590
50010
60255
10524
61568
61504
51757
12409
83683
35549
30601
50832
72407
11853
50055
56169
46978
46796
80731
88751
21442
55231
22573
32222
67032
57812
39744
34965
12594
5942
91893
45695
10220
50117
60446
38812
44658
73972
93256
78799
20372
58926
10905
27835
47751
61760
78510
3863
76700
42004
60770
5339
80010
27965
93679
8246
59668
99012
33169
65347
88387
50453
80629
6981
9953
79932
88779
80483
8211
58710
32866
96482
85299
29268
97242
51886
52399
18997
38593
50847
66850
67478
25077
46220
84167
24793
86304
36064
66875
16609
92140
10846
78977
56836
60218
24448
43014
34026
1004
38076
55262
81524
2641
70175
96565
82694
29262
75805
50088
92341
96776
17420
54356
41930
7026
28638
13076
19348
30700
1709
23395
15832
6097
68701
52951
90942
82954
47260
67570
73407
88240
75449
98343
35426
51955
4778
11998
4413
79208
88598
14098
32730
84979
95105
34281
86719
87501
32845
14265
78259
97222
16615
4346
23431
29189
60844
97221
16060
64792
65140
86555
20509
21229
57182
83456
25698
94116
63976
83960
62317
52266
31519
13065
4643
371
13178
30492
16594
77678
65125
4811
67267
83458
88770
90664
15079
56738
72102
49972
96915
3672
2616
48880
46981
69962
48341
45801
90304
17539
72547
56518
19305
5037
8359
25890
59311
57788
73653
20351
57719
44770
66229
33980
1061
51575
63220
1273
66131
73514
8604
19756
89083
73326
31709
79781
84679
60556
92155
18300
73693
96577
92940
18936
24080
56551
33918
64673
59508
2050
1919
82875
37121
52304
79668
26070
24957
75423
78664
83812
87868
69848
73518
7513
36100
33997
10398
99766
43196
37800
38113
77837
70983
60416
50174
38874
46484
81968
63069
83953
69480
45140
93553
27899
94091
67463
57237
14528
9447
12929
41362
1172
69651
96277
39334
1234
51945
11459
15052
30135
2595
24100
21907
55116
29265
3780
9795
50274
1540
37931
43670
76906
64261
87871
69887
75315
94888
28473
97033
31668
59618
5751
48025
98651
13415
68191
20180
31603
13406
46630
86676
67725
8769
64217
48161
83956
76654
37981
51151
6668
4188
74301
13334
55800
4450
97484
73720
64850
98606
35776
86200
59449
13272
193
78850
41108
51705
44224
85482
96485
95273
63259
62954
9579
21961
77724
32055
86742
81762
87015
41872
56641
56189
84856
56989
92337
56948
81952
22301
77955
63856
57819
40765
6328
19922
56533
30512
86248
73716
10954
1633
1169
68414
1920
48476
87811
36364
7546
32019
89751
13033
37069
75934
69801
97694
70432
86010
24293
70103
14355
80648
80583
51159
20100
56759
95340
50749
46442
35044
57699
41359
48703
52827
23810
18791
23178
70190
70500
86424
47481
46037
12611
8224
63828
34039
95957
57773
67365
60152
25478
17500
38127
95227
24786
292
40915
8271
16797
90217
56972
39838
82130
42152
20471
1458
56868
70202
89376
55501
85486
66323
73073
4923
62758
72622
84387
12632
96030
38484
16126
14091
63106
34459
92175
17378
61522
7153
9058
57814
95604
7963
14229
31262
74020
18846
85524
24476
75999
64382
80501
98224
75793
98146
92361
46379
64978
47510
61218
22899
74919
35532
87129
81282
63108
23750
84006
51869
73313
36062
34305
31536
4888
17160
67744
7929
42901
66043
84944
57405
63608
51478
99388
68648
74386
2862
67608
91571
29009
85179
47697
95172
48621
58754
3586
49501
23994
14835
50893
60846
18808
90010
7667
30187
18515
77827
77112
22985
57321
325
35005
68386
98033
81199
12966
80448
70928
52036
66914
38000
96044
92459
80167
64389
99422
79969
7716
40940
39534
51545
69626
50161
5505
42343
6568
66894
82320
97410
66159
12429
18214
23167
50
16323
76185
17867
94503
44237
69806
17532
80505
35512
5758
29331
95879
46493
209
50624
12619
32240
93703
52005
29139
2744
25333
80235
47416
79340
11287
45899
77059
15110
79138
40972
72120
30642
9192
18751
65655
50209
61487
59795
60874
72690
79857
75864
13566
12523
16560
62419
62674
19608
73355
72699
78706
58797
38068
2384
5486
17880
36979
50368
23841
35589
97952
90293
3308
18754
19724
90122
58091
79058
21329
49284
39480
26289
92198
46045
40862
11719
91122
32710
57860
96612
50063
54771
27663
59670
21894
59874
26716
98791
14992
7698
35070
21689
80701
98215
24764
65033
52358
20062
71760
1904
80158
32455
36494
60362
24915
94484
82514
27886
77698
28118
6836
2373
7561
43145
65353
49859
6280
11751
10765
69039
21557
26057
16129
85297
8650
51310
92114
74090
90592
61329
61419
62778
37605
85559
61353
35829
6763
90339
28296
39626
64731
46983
56580
87555
25799
96478
77711
14863
89772
71671
95672
43649
42352
39128
10963
73386
75652
71695
64539
6266
56842
83120
55220
91814
42091
38525
45984
75518
28524
54760
9274
73269
9168
25974
84536
72205
4064
75970
99361
70545
43196
50155
3183
9516
67923
4823
43230
10967
16586
20304
54124
71358
85425
18373
79318
34220
10509
39734
68041
23554
93292
65291
54647
48508
78748
41784
64046
2814
92189
92777
78544
23524
25949
62336
96346
32081
22772
81647
62522
69486
9554
47127
61989
81065
71978
3335
45456
78099
15119
21175
81633
40313
68477
1959
74744
49591
21188
91282
57164
11665
96529
8023
19288
51470
20293
60071
46456
56212
18505
68921
53837
98493
44326
67313
98195
29398
83796
95610
69161
90144
78241
96000
37092
97209
75155
56896
88693
90457
54493
48743
20462
76633
63926
44851
79591
26760
92279
89873
39998
45659
75036
54645
95285
48707
61967
43741
10183
27657
57263
48331
57912
28315
89177
4627
97102
3745
33735
31343
28979
47442
908
62953
69287
41797
9657
97274
87202
95322
94854
59172
4883
82781
80358
47178
8619
66458
91827
77854
45456
18694
35317
81974
49416
82690
28214
2208
98593
44469
51188
20999
64403
84055
84066
47584
61205
63832
25895
56042
71951
56433
30433
56853
16032
69822
8985
25591
84850
84114
24698
91424
26866
98662
89881
39503
42483
22283
98064
93655
50757
67010
62187
45641
70763
70488
31885
99167
73166
12862
13512
6920
74227
58745
14547
6368
35676
85298
84950
78808
66625
98855
92652
21274
32082
32358
78069
41188
71033
92034
89056
40782
10174
46133
25304
22637
5933
23677
36704
94160
99593
49621
11115
97728
8160
96142
23471
69722
87814
64334
38993
7261
83539
41355
69530
83350
45335
99755
99336
14862
39852
23606
62364
11891
27438
20250
49284
59528
83828
11373
22532
18581
58654
90938
52109
8102
27835
14882
72598
87556
6800
91634
67588
32264
31691
82755
27194
49838
23299
87302
83756
55805
33450
11237
76036
86055
15525
14915
4265
62099
68662
65626
74640
73754
69895
77659
91255
77911
88787
96996
89222
43813
27241
89973
26442
7501
44628
49394
33141
2426
75047
79029
43869
7585
54533
2238
58414
69459
70372
48326
9637
27406
50862
46807
50189
18183
68547
97843
95609
59043
58662
9175
38262
47838
1905
78006
18961
93649
17655
46336
88700
52369
98266
49300
65963
28139
91824
6607
11913
2045
60645
47924
6301
79261
49039
89372
53305
31772
7490
90804
94231
61729
47952
92857
95202
29471
87297
19202
50588
11250
31897
86089
99610
99556
78013
29242
42658
14764
87381
16430
19911
40572
18661
65256
44681
44341
59562
345
3407
58094
15829
83205
24043
75294
22525
80317
13416
67299
63821
96286
86883
98354
85078
15103
1094
27339
95985
35675
21669
7003
27818
99466
63595
6900
23460
290
83903
86916
31852
80805
10462
9872
84295
43129
29298
27240
76994
1428
73804
31728
88187
93843
5356
33707
70513
25928
78074
8539
36800
91573
8171
76443
47633
94433
96631
95081
84894
12291
56896
75722
60025
69788
79497
15427
99141
52541
84814
13810
47084
65578
3026
58265
63343
77254
44360
15454
79557
98176
25944
56848
54227
81009
10744
45459
33646
87023
93575
89950
29397
61282
35027
25898
12498
35234
56341
48131
93926
91726
29202
64934
30556
6989
77052
56042
21250
87017
53476
17044
58584
6847
54875
54897
98353
43855
60327
15955
15118
48050
39446
21480
20061
12931
85895
35194
64772
81357
69108
19921
46410
85039
95466
63554
61555
27370
39482
25527
70571
88774
62741
41234
74647
96523
3137
50413
89668
19743
87849
97218
33296
14264
78699
47466
67287
70523
99215
12482
77962
59617
57248
56166
52823
93236
57849
60816
71830
93459
9106
64277
37736
20412
49659
47547
80533
58404
3295
27251
81671
11488
66691
92324
38631
99694
46692
33948
4610
41713
47256
24404
20305
92479
63093
58591
26634
47732
98040
43641
71114
83143
78225
3990
28438
17826
41044
67304
79159
46990
28213
88730
8442
20328
84223
77288
2331
91992
863
14387
59897
11104
81974
43937
95817
17262
18889
79297
80367
13630
82879
83916
96809
82668
3372
31400
15566
92645
6004
26300
42155
84928
92147
14757
21873
52829
15443
20965
74065
74321
88985
17272
18803
73870
53261
74730
89749
65641
65186
43563
26060
18218
53482
93709
98339
14950
464
28716
37125
15509
37403
42684
28159
15664
55981
70048
8884
9166
32867
93106
70797
42815
41300
83996
25701
43514
31506
10885
50533
50069
14401
33336
52377
61373
18112
90253
32724
73789
75176
98258
40308
11423
11373
34866
49914
95264
69511
54013
55931
33226
43783
60954
14569
21376
96797
88236
71326
50758
85550
18128
45286
99918
62933
18078
87517
24749
34633
57847
15848
45164
36880
57496
2170
95822
81967
83673
95089
71686
11009
74665
84846
97795
78090
36826
5236
74673
29412
5308
2727
35134
46241
41443
32468
74079
92664
34865
53506
36573
61278
23840
23367
51743
5626
53430
54863
34681
67603
69734
97031
37412
66825
32892
66285
71663
57586
24234
87689
9727
81466
91735
32384
72253
63461
10524
67230
45184
70714
91575
20913
51390
99175
85482
96908
14483
83653
30006
35478
38730
18794
77072
76969
18496
68997
74563
14001
14651
65042
36317
57638
72375
18625
29710
10951
45875
25097
84603
97604
32457
7444
33383
55987
94980
37530
38354
82191
76043
39182
28626
76880
31084
43775
66328
28399
48229
24784
68259
14452
47522
67045
80725
10441
70091
98345
33275
90578
45981
55910
97942
9749
96677
43650
88331
95122
94489
37745
25830
4839
86763
4605
99710
29630
56014
34122
280
82074
69177
14087
16752
89323
70999
64233
79167
82958
89255
90108
28232
47176
46681
69292
98228
20308
57354
44467
50638
66941
48747
64069
71752
14110
10889
47162
76610
70459
13214
99514
23981
22655
18689
32789
9933
31607
18890
37638
38940
30664
45160
75595
70883
80208
29086
65237
69425
7368
53903
78649
96750
43626
93867
90353
84584
62130
24512
35995
92473
74536
64175
63519
33297
65222
7879
52402
39240
28394
23863
12417
91077
16602
24238
11328
26216
87150
55567
5702
14367
55756
15
69905
19812
7670
64006
53778
52221
14969
58047
33945
76790
20337
20521
75615
3331
15421
12886
3521
16174
99448
34876
50922
9796
66418
53277
81212
90390
40991
33168
57367
88494
85267
20732
35232
95564
25256
31777
79735
98320
39314
88165
82419
94364
33903
17197
88829
91586
6714
9191
94764
94499
34393
5422
99514
99673
5092
94540
87928
18376
50041
77330
82474
83294
9231
47629
32085
45197
58131
90978
2643
34739
63831
98471
2151
90090
66653
82164
59471
91798
53732
3416
95065
25760
16730
78791
10292
11108
73683
13072
38601
92035
69909
79230
28700
39855
79874
24924
85281
43535
28035
98823
5130
66324
24193
21319
52281
74786
17441
52845
53259
93323
46961
34393
34653
60181
37588
5921
27263
80937
75958
66202
328
15365
32890
31235
61197
31610
81825
288
16336
35283
39443
65622
95011
94862
6071
62665
32459
57111
80039
49953
16140
36189
81338
82949
5963
85326
82307
5412
46258
35441
83374
63943
74688
38905
6264
69109
68493
95556
2993
39801
43456
42808
12585
7617
30493
64160
40446
72320
91506
56604
35592
56238
4098
75219
34290
68090
30212
90711
88665
40908
13301
24542
66934
86589
45885
7252
76003
49310
37498
32245
15863
46645
90199
76786
46518
2411
4541
28039
63495
31019
8927
31865
3351
31806
57545
95750
83670
98198
33493
4765
20937
26565
87795
54702
39924
5550
48299
61364
88739
21394
87021
96162
4034
72186
57061
78464
59920
63067
91080
85332
27293
15374
76826
61748
70713
95268
8238
49704
82319
10689
24858
8676
89557
51236
90616
86115
39094
22182
76412
24593
26183
19461
3076
29996
16254
63871
44820
2213
93345
80427
95846
27216
310
55507
96317
43765
49202
67369
64270
95000
68894
60570
11130
51893
70238
12138
26970
63403
2414
83472
98883
22475
31352
14633
93101
55111
19087
31059
24298
71949
90590
96342
17765
57531
50887
43502
75855
39518
3297
13115
81057
68020
24212
23662
77873
77913
56825
20870
55104
99548
85223
56590
54325
68747
77134
18041
4879
49197
92486
92871
3019
68604
91327
65238
82568
29941
32436
29954
59195
81158
4871
47717
51389
56740
70517
81674
7383
41378
33023
42265
64182
45285
21486
39015
18198
89483
22224
92232
25888
66662
9114
46757
72439
86958
89579
37214
47967
88111
55168
99179
40221
60116
67018
31193
27004
6897
90953
9245
82974
85830
7008
85299
13848
88834
57963
65871
32639
90817
33608
32077
73587
15739
39421
83087
40858
39100
26333
48061
89577
76717
14110
89443
56878
71738
28747
16946
81141
13401
24902
83670
42369
34451
81251
43956
58743
89820
29815
10809
76272
11652
25112
83265
434
35536
52240
3700
28799
45631
17428
44780
63027
92289
14891
88051
77413
48500
14620
10528
80864
68152
84816
54596
79582
15238
2932
58987
45290
57756
88953
17603
63850
66471
3421
20880
92837
12860
24363
86072
62907
25443
88182
88906
69874
33233
85747
60118
39898
57304
19699
36615
82826
28591
85805
54240
31551
47120
15002
59556
64338
95398
33577
36001
25572
46538
4541
40685
28583
82813
25683
75877
92699
69715
68659
70688
30217
98634
48621
29506
73543
82552
28045
78443
33526
88902
78056
40981
18686
55612
7398
31409
20347
59675
36874
84009
39510
55177
97763
33049
36427
60236
13610
20673
76319
83317
97021
57015
31945
91471
14327
21100
99421
79833
1918
66141
81503
12691
64025
74986
18138
25565
71303
40607
28741
16837
96499
27032
69138
14150
74955
70548
17655
88313
16506
59085
61958
70381
50858
27402
42371
13052
63710
89307
99236
25700
38517
8902
45602
91247
8377
29954
7409
384
32832
79413
27404
85298
81743
53111
15580
85353
64741
2882
82198
72118
57054
56894
65336
97424
73832
1428
56146
60615
44878
4252
42007
14521
5188
25592
61644
81916
55484
27423
7145
46289
52232
51937
92441
4876
80444
89413
32640
62518
96004
95060
57174
6583
58855
2621
26396
59768
68004
27739
11230
53804
7421
14375
84062
50650
30727
84681
47791
27441
67344
28002
75394
75487
55417
86006
7581
58112
10831
65815
50392
89572
64713
22952
97521
29806
93930
35029
34770
82516
96903
24333
57332
46307
3479
28973
64049
99958
74824
1550
11802
80245
57103
86464
873
9793
11351
93503
47315
3114
21715
70505
37471
99907
67602
94411
24568
12496
49271
19172
16212
53478
86161
19278
41511
55058
15830
22387
563
23714
80033
54637
9415
59158
23668
87798
55071
30884
65353
50223
24630
1651
6505
62501
44126
72642
94829
75601
36096
11152
83672
76265
36083
20752
31491
59182
34907
39667
91471
86392
35683
3976
31790
37074
80297
8078
59121
86594
28033
79238
7701
35134
74841
54237
62538
21019
6219
5017
29330
96224
35682
90078
42373
39240
27450
38802
54686
17584
31639
50790
21062
88015
2249
47409
98062
35874
41579
41450
53828
79234
24076
82445
46907
30016
87304
51164
65516
70122
85537
73378
77669
99353
53606
68077
51344
19081
22839
85462
73147
77983
18614
7363
65449
64724
87482
50335
81270
64418
68432
44038
46635
88283
33754
63695
36210
37644
82744
20285
46805
3013
78954
35962
9562
66922
6937
97752
4206
83321
99321
23018
75084
4389
67779
98537
10267
3706
10657
2889
30541
80167
64992
1385
68714
782
39367
95124
5020
12180
35824
71911
55902
91378
25918
78058
65652
46555
92250
98719
81005
73596
1003
27184
97533
12361
88988
9563
6542
60056
95891
18079
37545
46872
8203
11288
79954
91852
31970
21965
54774
7783
1974
22509
79129
92792
37931
85803
46092
52063
60275
53300
88774
50312
27210
96084
45505
26974
69799
8803
57301
12097
38797
17610
25
79953
83925
59846
44102
43171
87760
42848
55943
94528
15911
56486
21124
65049
52414
16972
32427
65750
55627
34899
30944
85980
67429
36239
92492
61939
26475
53923
48561
40562
73961
72306
5003
26335
45726
82882
70304
75269
91619
96737
38214
38521
91456
28024
85431
6897
70067
80206
57610
51684
94043
40715
89158
77483
1262
91829
59565
44785
89098
21486
52363
92674
49703
25045
62868
73460
8909
39909
30705
78785
72181
58414
84858
55451
1779
20893
72551
40074
63929
95386
6232
73871
14397
85128
45201
76555
62324
33945
25833
44607
80699
53690
216
96185
53742
76233
51346
25300
48042
11704
26792
47969
80385
53230
80211
73469
13007
20563
62682
71064
93826
96966
6725
54322
83418
55943
43895
93753
8920
15932
75171
1492
92342
2033
42428
3522
39021
33589
31313
11445
9531
57959
27151
63729
17374
7314
2213
28507
55169
897
53716
4671
81959
10017
120
81255
65314
70113
73093
55411
73818
38524
96814
40733
28828
27790
80125
97751
16206
77331
7126
79853
83553
9785
59292
13357
74964
49928
90775
11733
1970
77407
86860
31732
74391
80152
93445
34920
75100
34977
79953
5405
30968
18674
84443
9960
44764
35120
42870
27803
3790
190
67744
78734
11579
76247
8633
